0.0	Cell1	Cell2	Cell3	Cell4	Cell5	Cell6	Cell7	Cell8	Cell9	Cell10	Cell11	Cell12	Cell13	Cell14	Cell15	Cell16	Cell17	Cell18	Cell19	Cell20	Cell21	Cell22	Cell23	Cell24	Cell25	Cell26	Cell27	Cell28	Cell29	Cell30	Cell31	Cell32	Cell33	Cell34	Cell35	Cell36	Cell37	Cell38	Cell39	Cell40	Cell41	Cell42	Cell43	Cell44	Cell45	Cell46	Cell47	Cell48	Cell49	Cell50	Cell51	Cell52	Cell53	Cell54	Cell55	Cell56	Cell57	Cell58	Cell59	Cell60	Cell61	Cell62	Cell63	Cell64	Cell65	Cell66	Cell67	Cell68	Cell69	Cell70	Cell71	Cell72	Cell73	Cell74	Cell75	Cell76	Cell77	Cell78	Cell79	Cell80	Cell81	Cell82	Cell83	Cell84	Cell85	Cell86	Cell87	Cell88	Cell89	Cell90	Cell91	Cell92	Cell93	Cell94	Cell95	Cell96	Cell97	Cell98	Cell99	Cell100	Cell101	Cell102	Cell103	Cell104	Cell105	Cell106	Cell107	Cell108	Cell109	Cell110	Cell111	Cell112	Cell113	Cell114	Cell115	Cell116	Cell117	Cell118	Cell119	Cell120	Cell121	Cell122	Cell123	Cell124	Cell125	Cell126	Cell127	Cell128	Cell129	Cell130	Cell131	Cell132	Cell133	Cell134	Cell135	Cell136	Cell137	Cell138	Cell139	Cell140	Cell141	Cell142	Cell143	Cell144	Cell145	Cell146	Cell147	Cell148	Cell149	Cell150	Cell151	Cell152	Cell153	Cell154	Cell155	Cell156	Cell157	Cell158	Cell159	Cell160	Cell161	Cell162	Cell163	Cell164	Cell165	Cell166	Cell167	Cell168	Cell169	Cell170	Cell171	Cell172	Cell173	Cell174	Cell175	Cell176	Cell177	Cell178	Cell179	Cell180	Cell181	Cell182	Cell183	Cell184	Cell185	Cell186	Cell187	Cell188	Cell189	Cell190	Cell191	Cell192	Cell193	Cell194	Cell195	Cell196	Cell197	Cell198	Cell199	Cell200	Cell201	Cell202	Cell203	Cell204	Cell205	Cell206	Cell207	Cell208	Cell209	Cell210	Cell211	Cell212	Cell213	Cell214	Cell215	Cell216	Cell217	Cell218	Cell219	Cell220	Cell221	Cell222	Cell223	Cell224	Cell225	Cell226	Cell227	Cell228	Cell229	Cell230	Cell231	Cell232	Cell233	Cell234	Cell235	Cell236	Cell237	Cell238	Cell239	Cell240	Cell241	Cell242	Cell243	Cell244	Cell245	Cell246	Cell247	Cell248	Cell249	Cell250	Cell251	Cell252	Cell253	Cell254	Cell255	Cell256	Cell257	Cell258	Cell259	Cell260	Cell261	Cell262	Cell263	Cell264	Cell265	Cell266	Cell267	Cell268	Cell269	Cell270	Cell271	Cell272	Cell273	Cell274	Cell275	Cell276	Cell277	Cell278	Cell279	Cell280	Cell281	Cell282	Cell283	Cell284	Cell285	Cell286	Cell287	Cell288	Cell289	Cell290	Cell291	Cell292	Cell293	Cell294	Cell295	Cell296	Cell297	Cell298	Cell299	Cell300	Cell301	Cell302	Cell303	Cell304	Cell305	Cell306	Cell307	Cell308	Cell309	Cell310	Cell311	Cell312	Cell313	Cell314	Cell315	Cell316	Cell317	Cell318	Cell319	Cell320	Cell321	Cell322	Cell323	Cell324	Cell325	Cell326	Cell327	Cell328	Cell329	Cell330	Cell331	Cell332	Cell333	Cell334	Cell335	Cell336	Cell337	Cell338	Cell339	Cell340	Cell341	Cell342	Cell343	Cell344	Cell345	Cell346	Cell347	Cell348	Cell349	Cell350	Cell351	Cell352	Cell353	Cell354	Cell355	Cell356	Cell357	Cell358	Cell359	Cell360	Cell361	Cell362	Cell363	Cell364	Cell365	Cell366	Cell367	Cell368	Cell369	Cell370	Cell371	Cell372	Cell373	Cell374	Cell375	Cell376	Cell377	Cell378	Cell379	Cell380	Cell381	Cell382	Cell383	Cell384	Cell385	Cell386	Cell387	Cell388	Cell389	Cell390	Cell391	Cell392	Cell393	Cell394	Cell395	Cell396	Cell397	Cell398	Cell399	Cell400	Cell401	Cell402	Cell403	Cell404	Cell405	Cell406	Cell407	Cell408	Cell409	Cell410	Cell411	Cell412	Cell413	Cell414	Cell415	Cell416	Cell417	Cell418	Cell419	Cell420	Cell421	Cell422	Cell423	Cell424	Cell425	Cell426	Cell427	Cell428	Cell429	Cell430	Cell431	Cell432	Cell433	Cell434	Cell435	Cell436	Cell437	Cell438	Cell439	Cell440	Cell441	Cell442	Cell443	Cell444	Cell445	Cell446	Cell447	Cell448	Cell449	Cell450	Cell451	Cell452	Cell453	Cell454	Cell455	Cell456	Cell457	Cell458	Cell459	Cell460	Cell461	Cell462	Cell463	Cell464	Cell465	Cell466	Cell467	Cell468	Cell469	Cell470	Cell471	Cell472	Cell473	Cell474	Cell475	Cell476	Cell477	Cell478	Cell479	Cell480	Cell481	Cell482	Cell483	Cell484	Cell485	Cell486	Cell487	Cell488	Cell489	Cell490	Cell491	Cell492	Cell493	Cell494	Cell495	Cell496	Cell497	Cell498	Cell499	Cell500	Cell501	Cell502	Cell503	Cell504	Cell505	Cell506	Cell507	Cell508	Cell509	Cell510	Cell511	Cell512	Cell513	Cell514	Cell515	Cell516	Cell517	Cell518	Cell519	Cell520	Cell521	Cell522	Cell523	Cell524	Cell525	Cell526	Cell527	Cell528	Cell529	Cell530	Cell531	Cell532	Cell533	Cell534	Cell535	Cell536	Cell537	Cell538	Cell539	Cell540	Cell541	Cell542	Cell543	Cell544	Cell545	Cell546	Cell547	Cell548	Cell549	Cell550	Cell551	Cell552	Cell553	Cell554	Cell555	Cell556	Cell557	Cell558	Cell559	Cell560	Cell561	Cell562	Cell563	Cell564	Cell565	Cell566	Cell567	Cell568	Cell569	Cell570	Cell571	Cell572	Cell573	Cell574	Cell575	Cell576	Cell577	Cell578	Cell579	Cell580	Cell581	Cell582	Cell583	Cell584	Cell585	Cell586	Cell587	Cell588	Cell589	Cell590	Cell591	Cell592	Cell593	Cell594	Cell595	Cell596	Cell597	Cell598	Cell599	Cell600	Cell601	Cell602	Cell603	Cell604	Cell605	Cell606	Cell607	Cell608	Cell609	Cell610	Cell611	Cell612	Cell613	Cell614	Cell615	Cell616	Cell617	Cell618	Cell619	Cell620	Cell621	Cell622	Cell623	Cell624	Cell625	Cell626	Cell627	Cell628	Cell629	Cell630	Cell631	Cell632	Cell633	Cell634	Cell635	Cell636	Cell637	Cell638	Cell639	Cell640	Cell641	Cell642	Cell643	Cell644	Cell645	Cell646	Cell647	Cell648	Cell649	Cell650	Cell651	Cell652	Cell653	Cell654	Cell655	Cell656	Cell657	Cell658	Cell659	Cell660	Cell661	Cell662	Cell663	Cell664	Cell665	Cell666	Cell667	Cell668	Cell669	Cell670	Cell671	Cell672	Cell673	Cell674	Cell675	Cell676	Cell677	Cell678	Cell679	Cell680	Cell681	Cell682	Cell683	Cell684	Cell685	Cell686	Cell687	Cell688	Cell689	Cell690	Cell691	Cell692	Cell693	Cell694	Cell695	Cell696	Cell697	Cell698	Cell699	Cell700	Cell701	Cell702	Cell703	Cell704	Cell705	Cell706	Cell707	Cell708	Cell709	Cell710	Cell711	Cell712	Cell713	Cell714	Cell715	Cell716	Cell717	Cell718	Cell719	Cell720	Cell721	Cell722	Cell723	Cell724	Cell725	Cell726	Cell727	Cell728	Cell729	Cell730	Cell731	Cell732	Cell733	Cell734	Cell735	Cell736	Cell737	Cell738	Cell739	Cell740	Cell741	Cell742	Cell743	Cell744	Cell745	Cell746	Cell747	Cell748	Cell749	Cell750	Cell751	Cell752	Cell753	Cell754	Cell755	Cell756	Cell757	Cell758	Cell759	Cell760	Cell761	Cell762	Cell763	Cell764	Cell765	Cell766	Cell767	Cell768	Cell769	Cell770	Cell771	Cell772	Cell773	Cell774	Cell775	Cell776	Cell777	Cell778	Cell779	Cell780	Cell781	Cell782	Cell783	Cell784	Cell785	Cell786	Cell787	Cell788	Cell789	Cell790	Cell791	Cell792	Cell793	Cell794	Cell795	Cell796	Cell797	Cell798	Cell799	Cell800	Cell801	Cell802	Cell803	Cell804	Cell805	Cell806	Cell807	Cell808	Cell809	Cell810	Cell811	Cell812	Cell813	Cell814	Cell815	Cell816	Cell817	Cell818	Cell819	Cell820	Cell821	Cell822	Cell823	Cell824	Cell825	Cell826	Cell827	Cell828	Cell829	Cell830	Cell831	Cell832	Cell833	Cell834	Cell835	Cell836	Cell837	Cell838	Cell839	Cell840	Cell841	Cell842	Cell843	Cell844	Cell845	Cell846	Cell847	Cell848	Cell849	Cell850	Cell851	Cell852	Cell853	Cell854	Cell855	Cell856	Cell857	Cell858	Cell859	Cell860	Cell861	Cell862	Cell863	Cell864	Cell865	Cell866	Cell867	Cell868	Cell869	Cell870	Cell871	Cell872	Cell873	Cell874	Cell875	Cell876	Cell877	Cell878	Cell879	Cell880	Cell881	Cell882	Cell883	Cell884	Cell885	Cell886	Cell887	Cell888	Cell889	Cell890	Cell891	Cell892	Cell893	Cell894	Cell895	Cell896	Cell897	Cell898	Cell899	Cell900	Cell901	Cell902	Cell903	Cell904	Cell905	Cell906	Cell907	Cell908	Cell909	Cell910	Cell911	Cell912	Cell913	Cell914	Cell915	Cell916	Cell917	Cell918	Cell919	Cell920	Cell921	Cell922	Cell923	Cell924	Cell925	Cell926	Cell927	Cell928	Cell929	Cell930	Cell931	Cell932	Cell933	Cell934	Cell935	Cell936	Cell937	Cell938	Cell939	Cell940	Cell941	Cell942	Cell943	Cell944	Cell945	Cell946	Cell947	Cell948	Cell949	Cell950	Cell951	Cell952	Cell953	Cell954	Cell955	Cell956	Cell957	Cell958	Cell959	Cell960	Cell961	Cell962	Cell963	Cell964	Cell965	Cell966	Cell967	Cell968	Cell969	Cell970	Cell971	Cell972	Cell973	Cell974	Cell975	Cell976	Cell977	Cell978	Cell979	Cell980	Cell981	Cell982	Cell983	Cell984	Cell985	Cell986	Cell987	Cell988	Cell989	Cell990	Cell991	Cell992	Cell993	Cell994	Cell995	Cell996	Cell997	Cell998	Cell999	Cell1000	Cell1001	Cell1002	Cell1003	Cell1004	Cell1005	Cell1006	Cell1007	Cell1008	Cell1009	Cell1010	Cell1011	Cell1012	Cell1013	Cell1014	Cell1015	Cell1016	Cell1017	Cell1018	Cell1019	Cell1020	Cell1021	Cell1022	Cell1023	Cell1024	Cell1025	Cell1026	Cell1027	Cell1028	Cell1029	Cell1030	Cell1031	Cell1032	Cell1033	Cell1034	Cell1035	Cell1036	Cell1037	Cell1038	Cell1039	Cell1040	Cell1041	Cell1042	Cell1043	Cell1044	Cell1045	Cell1046	Cell1047	Cell1048	Cell1049	Cell1050	Cell1051	Cell1052	Cell1053	Cell1054	Cell1055	Cell1056	Cell1057	Cell1058	Cell1059	Cell1060	Cell1061	Cell1062	Cell1063	Cell1064	Cell1065	Cell1066	Cell1067	Cell1068	Cell1069	Cell1070	Cell1071	Cell1072	Cell1073	Cell1074	Cell1075	Cell1076	Cell1077	Cell1078	Cell1079	Cell1080	Cell1081	Cell1082	Cell1083	Cell1084	Cell1085	Cell1086	Cell1087	Cell1088	Cell1089	Cell1090	Cell1091	Cell1092	Cell1093	Cell1094	Cell1095	Cell1096	Cell1097	Cell1098	Cell1099	Cell1100	Cell1101	Cell1102	Cell1103	Cell1104	Cell1105	Cell1106	Cell1107	Cell1108	Cell1109	Cell1110	Cell1111	Cell1112	Cell1113	Cell1114	Cell1115	Cell1116	Cell1117	Cell1118	Cell1119	Cell1120	Cell1121	Cell1122	Cell1123	Cell1124	Cell1125	Cell1126	Cell1127	Cell1128	Cell1129	Cell1130	Cell1131	Cell1132	Cell1133	Cell1134	Cell1135	Cell1136	Cell1137	Cell1138	Cell1139	Cell1140	Cell1141	Cell1142	Cell1143	Cell1144	Cell1145	Cell1146	Cell1147	Cell1148	Cell1149	Cell1150	Cell1151	Cell1152	Cell1153	Cell1154	Cell1155	Cell1156	Cell1157	Cell1158	Cell1159	Cell1160	Cell1161	Cell1162	Cell1163	Cell1164	Cell1165	Cell1166	Cell1167	Cell1168	Cell1169	Cell1170	Cell1171	Cell1172	Cell1173	Cell1174	Cell1175	Cell1176	Cell1177	Cell1178	Cell1179	Cell1180	Cell1181	Cell1182	Cell1183	Cell1184	Cell1185	Cell1186	Cell1187	Cell1188	Cell1189	Cell1190	Cell1191	Cell1192	Cell1193	Cell1194	Cell1195	Cell1196	Cell1197	Cell1198	Cell1199	Cell1200	Cell1201	Cell1202	Cell1203	Cell1204	Cell1205	Cell1206	Cell1207	Cell1208	Cell1209	Cell1210	Cell1211	Cell1212	Cell1213	Cell1214	Cell1215	Cell1216	Cell1217	Cell1218	Cell1219	Cell1220	Cell1221	Cell1222	Cell1223	Cell1224	Cell1225	Cell1226	Cell1227	Cell1228	Cell1229	Cell1230	Cell1231	Cell1232	Cell1233	Cell1234	Cell1235	Cell1236	Cell1237	Cell1238	Cell1239	Cell1240	Cell1241	Cell1242	Cell1243	Cell1244	Cell1245	Cell1246	Cell1247	Cell1248	Cell1249	Cell1250	Cell1251	Cell1252	Cell1253	Cell1254	Cell1255	Cell1256	Cell1257	Cell1258	Cell1259	Cell1260	Cell1261	Cell1262	Cell1263	Cell1264	Cell1265	Cell1266	Cell1267	Cell1268	Cell1269	Cell1270	Cell1271	Cell1272	Cell1273	Cell1274	Cell1275	Cell1276	Cell1277	Cell1278	Cell1279	Cell1280	Cell1281	Cell1282	Cell1283	Cell1284	Cell1285	Cell1286	Cell1287	Cell1288	Cell1289	Cell1290	Cell1291	Cell1292	Cell1293	Cell1294	Cell1295	Cell1296	Cell1297	Cell1298	Cell1299	Cell1300	Cell1301	Cell1302	Cell1303	Cell1304	Cell1305	Cell1306	Cell1307	Cell1308	Cell1309	Cell1310	Cell1311	Cell1312	Cell1313	Cell1314	Cell1315	Cell1316	Cell1317	Cell1318	Cell1319	Cell1320	Cell1321	Cell1322	Cell1323	Cell1324	Cell1325	Cell1326	Cell1327	Cell1328	Cell1329	Cell1330	Cell1331	Cell1332	Cell1333	Cell1334	Cell1335	Cell1336	Cell1337	Cell1338	Cell1339	Cell1340	Cell1341	Cell1342	Cell1343	Cell1344	Cell1345	Cell1346	Cell1347	Cell1348	Cell1349	Cell1350	Cell1351	Cell1352	Cell1353	Cell1354	Cell1355	Cell1356	Cell1357	Cell1358	Cell1359	Cell1360	Cell1361	Cell1362	Cell1363	Cell1364	Cell1365	Cell1366	Cell1367	Cell1368	Cell1369	Cell1370	Cell1371	Cell1372	Cell1373	Cell1374	Cell1375	Cell1376	Cell1377	Cell1378	Cell1379	Cell1380	Cell1381	Cell1382	Cell1383	Cell1384	Cell1385	Cell1386	Cell1387	Cell1388	Cell1389	Cell1390	Cell1391	Cell1392	Cell1393	Cell1394	Cell1395	Cell1396	Cell1397	Cell1398	Cell1399	Cell1400	Cell1401	Cell1402	Cell1403	Cell1404	Cell1405	Cell1406	Cell1407	Cell1408	Cell1409	Cell1410	Cell1411	Cell1412	Cell1413	Cell1414	Cell1415	Cell1416	Cell1417	Cell1418	Cell1419	Cell1420	Cell1421	Cell1422	Cell1423	Cell1424	Cell1425	Cell1426	Cell1427	Cell1428	Cell1429	Cell1430	Cell1431	Cell1432	Cell1433	Cell1434	Cell1435	Cell1436	Cell1437	Cell1438	Cell1439	Cell1440	Cell1441	Cell1442	Cell1443	Cell1444	Cell1445	Cell1446	Cell1447	Cell1448	Cell1449	Cell1450	Cell1451	Cell1452	Cell1453	Cell1454	Cell1455	Cell1456	Cell1457	Cell1458	Cell1459	Cell1460	Cell1461	Cell1462	Cell1463	Cell1464	Cell1465	Cell1466	Cell1467	Cell1468	Cell1469	Cell1470	Cell1471	Cell1472	Cell1473	Cell1474	Cell1475	Cell1476	Cell1477	Cell1478	Cell1479	Cell1480	Cell1481	Cell1482	Cell1483	Cell1484	Cell1485	Cell1486	Cell1487	Cell1488	Cell1489	Cell1490	Cell1491	Cell1492	Cell1493	Cell1494	Cell1495	Cell1496	Cell1497	Cell1498	Cell1499	Cell1500	Cell1501	Cell1502	Cell1503	Cell1504	Cell1505	Cell1506	Cell1507	Cell1508	Cell1509	Cell1510	Cell1511	Cell1512	Cell1513	Cell1514	Cell1515	Cell1516	Cell1517	Cell1518	Cell1519	Cell1520	Cell1521	Cell1522	Cell1523	Cell1524	Cell1525	Cell1526	Cell1527	Cell1528	Cell1529	Cell1530	Cell1531	Cell1532	Cell1533	Cell1534	Cell1535	Cell1536	Cell1537	Cell1538	Cell1539	Cell1540	Cell1541	Cell1542	Cell1543	Cell1544	Cell1545	Cell1546	Cell1547	Cell1548	Cell1549	Cell1550	Cell1551	Cell1552	Cell1553	Cell1554	Cell1555	Cell1556	Cell1557	Cell1558	Cell1559	Cell1560	Cell1561	Cell1562	Cell1563	Cell1564	Cell1565	Cell1566	Cell1567	Cell1568	Cell1569	Cell1570	Cell1571	Cell1572	Cell1573	Cell1574	Cell1575	Cell1576	Cell1577	Cell1578	Cell1579	Cell1580	Cell1581	Cell1582	Cell1583	Cell1584	Cell1585	Cell1586	Cell1587	Cell1588	Cell1589	Cell1590	Cell1591	Cell1592	Cell1593	Cell1594	Cell1595	Cell1596	Cell1597	Cell1598	Cell1599	Cell1600	Cell1601	Cell1602	Cell1603	Cell1604	Cell1605	Cell1606	Cell1607	Cell1608	Cell1609	Cell1610	Cell1611	Cell1612	Cell1613	Cell1614	Cell1615	Cell1616	Cell1617	Cell1618	Cell1619	Cell1620	Cell1621	Cell1622	Cell1623	Cell1624	Cell1625	Cell1626	Cell1627	Cell1628	Cell1629	Cell1630	Cell1631	Cell1632	Cell1633	Cell1634	Cell1635	Cell1636	Cell1637	Cell1638	Cell1639	Cell1640	Cell1641	Cell1642	Cell1643	Cell1644	Cell1645	Cell1646	Cell1647	Cell1648	Cell1649	Cell1650	Cell1651	Cell1652	Cell1653	Cell1654	Cell1655	Cell1656	Cell1657	Cell1658	Cell1659	Cell1660	Cell1661	Cell1662	Cell1663	Cell1664	Cell1665	Cell1666	Cell1667	Cell1668	Cell1669	Cell1670	Cell1671	Cell1672	Cell1673	Cell1674	Cell1675	Cell1676	Cell1677	Cell1678	Cell1679	Cell1680	Cell1681	Cell1682	Cell1683	Cell1684	Cell1685	Cell1686	Cell1687	Cell1688	Cell1689	Cell1690	Cell1691	Cell1692	Cell1693	Cell1694	Cell1695	Cell1696	Cell1697	Cell1698	Cell1699	Cell1700	Cell1701	Cell1702	Cell1703	Cell1704	Cell1705	Cell1706	Cell1707	Cell1708	Cell1709	Cell1710	Cell1711	Cell1712	Cell1713	Cell1714	Cell1715	Cell1716	Cell1717	Cell1718	Cell1719	Cell1720	Cell1721	Cell1722	Cell1723	Cell1724	Cell1725	Cell1726	Cell1727	Cell1728	Cell1729	Cell1730	Cell1731	Cell1732	Cell1733	Cell1734	Cell1735	Cell1736	Cell1737	Cell1738	Cell1739	Cell1740	Cell1741	Cell1742	Cell1743	Cell1744	Cell1745	Cell1746	Cell1747	Cell1748	Cell1749	Cell1750	Cell1751	Cell1752	Cell1753	Cell1754	Cell1755	Cell1756	Cell1757	Cell1758	Cell1759	Cell1760	Cell1761	Cell1762	Cell1763	Cell1764	Cell1765	Cell1766	Cell1767	Cell1768	Cell1769	Cell1770	Cell1771	Cell1772	Cell1773	Cell1774	Cell1775	Cell1776	Cell1777	Cell1778	Cell1779	Cell1780	Cell1781	Cell1782	Cell1783	Cell1784	Cell1785	Cell1786	Cell1787	Cell1788	Cell1789	Cell1790	Cell1791	Cell1792	Cell1793	Cell1794	Cell1795	Cell1796	Cell1797	Cell1798	Cell1799	Cell1800	Cell1801	Cell1802	Cell1803	Cell1804	Cell1805	Cell1806	Cell1807	Cell1808	Cell1809	Cell1810	Cell1811	Cell1812	Cell1813	Cell1814	Cell1815	Cell1816	Cell1817	Cell1818	Cell1819	Cell1820	Cell1821	Cell1822	Cell1823	Cell1824	Cell1825	Cell1826	Cell1827	Cell1828	Cell1829	Cell1830	Cell1831	Cell1832	Cell1833	Cell1834	Cell1835	Cell1836	Cell1837	Cell1838	Cell1839	Cell1840	Cell1841	Cell1842	Cell1843	Cell1844	Cell1845	Cell1846	Cell1847	Cell1848	Cell1849	Cell1850	Cell1851	Cell1852	Cell1853	Cell1854	Cell1855	Cell1856	Cell1857	Cell1858	Cell1859	Cell1860	Cell1861	Cell1862	Cell1863	Cell1864	Cell1865	Cell1866	Cell1867	Cell1868	Cell1869	Cell1870	Cell1871	Cell1872	Cell1873	Cell1874	Cell1875	Cell1876	Cell1877	Cell1878	Cell1879	Cell1880	Cell1881	Cell1882	Cell1883	Cell1884	Cell1885	Cell1886	Cell1887	Cell1888	Cell1889	Cell1890	Cell1891	Cell1892	Cell1893	Cell1894	Cell1895	Cell1896	Cell1897	Cell1898	Cell1899	Cell1900	Cell1901	Cell1902	Cell1903	Cell1904	Cell1905	Cell1906	Cell1907	Cell1908	Cell1909	Cell1910	Cell1911	Cell1912	Cell1913	Cell1914	Cell1915	Cell1916	Cell1917	Cell1918	Cell1919	Cell1920	Cell1921	Cell1922	Cell1923	Cell1924	Cell1925	Cell1926	Cell1927	Cell1928	Cell1929	Cell1930	Cell1931	Cell1932	Cell1933	Cell1934	Cell1935	Cell1936	Cell1937	Cell1938	Cell1939	Cell1940	Cell1941	Cell1942	Cell1943	Cell1944	Cell1945	Cell1946	Cell1947	Cell1948	Cell1949	Cell1950	Cell1951	Cell1952	Cell1953	Cell1954	Cell1955	Cell1956	Cell1957	Cell1958	Cell1959	Cell1960	Cell1961	Cell1962	Cell1963	Cell1964	Cell1965	Cell1966	Cell1967	Cell1968	Cell1969	Cell1970	Cell1971	Cell1972	Cell1973	Cell1974	Cell1975	Cell1976	Cell1977	Cell1978	Cell1979	Cell1980	Cell1981	Cell1982	Cell1983	Cell1984	Cell1985	Cell1986	Cell1987	Cell1988	Cell1989	Cell1990	Cell1991	Cell1992	Cell1993	Cell1994	Cell1995	Cell1996	Cell1997	Cell1998	Cell1999	Cell2000	Cell2001	Cell2002	Cell2003	Cell2004	Cell2005	Cell2006	Cell2007	Cell2008	Cell2009	Cell2010	Cell2011	Cell2012	Cell2013	Cell2014	Cell2015	Cell2016	Cell2017	Cell2018	Cell2019	Cell2020	Cell2021	Cell2022	Cell2023	Cell2024	Cell2025	Cell2026	Cell2027	Cell2028	Cell2029	Cell2030	Cell2031	Cell2032	Cell2033	Cell2034	Cell2035	Cell2036	Cell2037	Cell2038	Cell2039	Cell2040	Cell2041	Cell2042	Cell2043	Cell2044	Cell2045	Cell2046	Cell2047	Cell2048	Cell2049	Cell2050	Cell2051	Cell2052	Cell2053	Cell2054	Cell2055	Cell2056	Cell2057	Cell2058	Cell2059	Cell2060	Cell2061	Cell2062	Cell2063	Cell2064	Cell2065	Cell2066	Cell2067	Cell2068	Cell2069	Cell2070	Cell2071	Cell2072	Cell2073	Cell2074	Cell2075	Cell2076	Cell2077	Cell2078	Cell2079	Cell2080	Cell2081	Cell2082	Cell2083	Cell2084	Cell2085	Cell2086	Cell2087	Cell2088	Cell2089	Cell2090	Cell2091	Cell2092	Cell2093	Cell2094	Cell2095	Cell2096	Cell2097	Cell2098	Cell2099	Cell2100	Cell2101	Cell2102	Cell2103	Cell2104	Cell2105	Cell2106	Cell2107	Cell2108	Cell2109	Cell2110	Cell2111	Cell2112	Cell2113	Cell2114	Cell2115	Cell2116	Cell2117	Cell2118	Cell2119	Cell2120	Cell2121	Cell2122	Cell2123	Cell2124	Cell2125	Cell2126	Cell2127	Cell2128	Cell2129	Cell2130	Cell2131	Cell2132	Cell2133	Cell2134	Cell2135	Cell2136	Cell2137	Cell2138	Cell2139	Cell2140	Cell2141	Cell2142	Cell2143	Cell2144	Cell2145	Cell2146	Cell2147	Cell2148	Cell2149	Cell2150	Cell2151	Cell2152	Cell2153	Cell2154	Cell2155	Cell2156	Cell2157	Cell2158	Cell2159	Cell2160	Cell2161	Cell2162	Cell2163	Cell2164	Cell2165	Cell2166	Cell2167	Cell2168	Cell2169	Cell2170	Cell2171	Cell2172	Cell2173	Cell2174	Cell2175	Cell2176	Cell2177	Cell2178	Cell2179	Cell2180	Cell2181	Cell2182	Cell2183	Cell2184	Cell2185	Cell2186	Cell2187	Cell2188	Cell2189	Cell2190	Cell2191	Cell2192	Cell2193	Cell2194	Cell2195	Cell2196	Cell2197	Cell2198	Cell2199	Cell2200	Cell2201	Cell2202	Cell2203	Cell2204	Cell2205	Cell2206	Cell2207	Cell2208	Cell2209	Cell2210	Cell2211	Cell2212	Cell2213	Cell2214	Cell2215	Cell2216	Cell2217	Cell2218	Cell2219	Cell2220	Cell2221	Cell2222	Cell2223	Cell2224	Cell2225	Cell2226	Cell2227	Cell2228	Cell2229	Cell2230	Cell2231	Cell2232	Cell2233	Cell2234	Cell2235	Cell2236	Cell2237	Cell2238	Cell2239	Cell2240	Cell2241	Cell2242	Cell2243	Cell2244	Cell2245	Cell2246	Cell2247	Cell2248	Cell2249	Cell2250	Cell2251	Cell2252	Cell2253	Cell2254	Cell2255	Cell2256	Cell2257	Cell2258	Cell2259	Cell2260	Cell2261	Cell2262	Cell2263	Cell2264	Cell2265	Cell2266	Cell2267	Cell2268	Cell2269	Cell2270	Cell2271	Cell2272	Cell2273	Cell2274	Cell2275	Cell2276	Cell2277	Cell2278	Cell2279	Cell2280	Cell2281	Cell2282	Cell2283	Cell2284	Cell2285	Cell2286	Cell2287	Cell2288	Cell2289	Cell2290	Cell2291	Cell2292	Cell2293	Cell2294	Cell2295	Cell2296	Cell2297	Cell2298	Cell2299	Cell2300	Cell2301	Cell2302	Cell2303	Cell2304	Cell2305	Cell2306	Cell2307	Cell2308	Cell2309	Cell2310	Cell2311	Cell2312	Cell2313	Cell2314	Cell2315	Cell2316	Cell2317	Cell2318	Cell2319	Cell2320	Cell2321	Cell2322	Cell2323	Cell2324	Cell2325	Cell2326	Cell2327	Cell2328	Cell2329	Cell2330	Cell2331	Cell2332	Cell2333	Cell2334	Cell2335	Cell2336	Cell2337	Cell2338	Cell2339	Cell2340	Cell2341	Cell2342	Cell2343	Cell2344	Cell2345	Cell2346	Cell2347	Cell2348	Cell2349	Cell2350	Cell2351	Cell2352	Cell2353	Cell2354	Cell2355	Cell2356	Cell2357	Cell2358	Cell2359	Cell2360	Cell2361	Cell2362	Cell2363	Cell2364	Cell2365	Cell2366	Cell2367	Cell2368	Cell2369	Cell2370	Cell2371	Cell2372	Cell2373	Cell2374	Cell2375	Cell2376	Cell2377	Cell2378	Cell2379	Cell2380	Cell2381	Cell2382	Cell2383	Cell2384	Cell2385	Cell2386	Cell2387	Cell2388	Cell2389	Cell2390	Cell2391	Cell2392	Cell2393	Cell2394	Cell2395	Cell2396	Cell2397	Cell2398	Cell2399	Cell2400	Cell2401	Cell2402	Cell2403	Cell2404	Cell2405	Cell2406	Cell2407	Cell2408	Cell2409
G1	2.896386998086066	3.800729830853399	1.6439815236415096	5.886246556658156	5.830097545005557	4.953718697507382	6.898843611921643	7.004817152031747	3.774384184603904	3.0275881333042878	5.4010840946068175	3.8522357710491324	2.0987943092246084	4.238789769409247	6.84348015675667	5.366829570333009	2.654457759957163	6.68275761320461	6.007353083772628	5.5053624010142	4.402766987190842	3.7923116844968288	7.111949981396767	4.4356151622337	7.878087248987413	5.74187299638223	3.1107817620477767	2.9456261525739214	6.563567460467422	4.933966446639	8.050769620692286	3.672828522574545	5.68064900269729	7.136451334423594	6.658864827639683	6.7373871091984014	2.5309936630823335	2.50477958554328	4.908079297641155	5.650554064145053	1.0426410482995134	7.144630128264993	4.108808302602847	4.880145914311398	4.751826476502203	3.2508763050200975	5.583564431563066	0.0	7.740071916869801	7.913113857149656	2.6757466011417645	3.2100686295172585	2.7899460093935273	3.3355890107142248	9.601798222342254	9.830928388302405	8.397193172050766	4.584625462375889	3.5873930282295903	4.941997265139771	6.779083698703422	1.797094073234649	3.045016126312504	5.22643498192048	4.373306316449611	8.698066299889621	6.835959094721665	3.2948938061297235	9.667671892428407	3.075057554722396	3.8257230255519032	5.204139118220245	4.393600434154499	4.701485181425793	5.54656636974137	4.109152789881047	7.876320173265655	3.66447228188901	3.78290889755906	7.28719498081389	4.1798133472271255	3.5685407574081665	3.272627625262354	3.9288658515735526	2.021553248073985	9.829403678411838	5.025079563854577	1.340206632601336	5.1021385865717646	7.917542904928969	4.184462956809482	4.248937693653726	5.170279274321145	6.796367826646715	4.2180275509381575	5.715485198602937	4.557582311868773	5.292608341920074	7.013289075975693	3.2044599255241146	8.209432966180678	5.471533234745046	3.66991380796468	6.973096174912467	5.620652772662389	6.439666447128208	5.600929454798887	4.491631524378101	10.538427636239682	1.9930318546124501	2.971877249435742	4.552880907300471	9.174343851639462	4.807965877570506	1.946484241422428	5.077262026492702	6.097995702296362	3.924533894943894	5.093101464451743	4.323577201520739	3.313453041131709	5.785862601483528	4.736410263293365	1.6438212159369128	3.210958828170798	3.8311359556811584	8.301741618131492	6.029940518951246	7.913490613348655	5.717070160869024	3.9572133625630137	4.865893845667119	4.949010809133104	3.904553594166443	1.9309291109877198	5.578760820171958	3.4161090254789053	2.473834810757498	5.451537535491555	3.273080310463355	4.722686638838649	6.709744449297217	3.5933102788892084	3.382267608727194	7.326732182628647	2.891002972939267	8.792201356608851	2.8633943186747413	3.175221882223651	6.912999146198119	3.3217715024571826	1.9535091940984972	5.937318422992301	3.752145280268138	6.542015313545798	4.762777716374387	6.297377333467981	6.0077045662013555	2.950122731964272	8.723230269745432	9.380953979452356	9.771624063722085	1.2163172747400055	3.636491783610228	5.229582167397718	7.277383751426828	5.060008422898761	6.414779927850916	8.753957044570779	1.5038522081602725	3.1339508746482845	11.723647947927088	4.70853297698038	5.508180176538037	7.823517188798247	3.107827139726065	7.761875318072023	7.481281413464058	4.7940856961056415	2.7393881334893493	3.0103991638630774	12.603406071699748	5.75371571010995	4.429682790356346	5.041359325534609	3.0026651063506598	8.88366281683661	6.062252912981285	1.2273487113418045	3.6287404930453566	3.960260514505422	4.859878696070855	2.8957494318068235	4.924009923470822	4.345451462139975	1.574359344638414	5.0542436225698735	3.5933528644475614	6.818243110092033	2.659241508232058	1.6681179893979896	2.1408104288241594	4.744253922793078	4.678807740890686	3.90968427864758	10.61017343792263	3.0986050638144693	7.885191578356454	7.808944556614568	8.087222502249439	6.972367860247962	2.371145171389276	4.036030667122698	2.9969063689308775	8.727062131309674	7.63455958566825	3.301106537936808	3.829796152531671	8.499750843033809	8.858777271983831	5.9260395466633335	3.9509892616500704	3.598146767412678	4.10587209688128	5.318817801899352	3.4155030668829327	3.1909474276587795	2.8997454217800813	3.6771009638607026	5.129740625406462	4.222115515544661	1.8178738618537618	8.307524830822345	6.708408810068962	5.805474456286273	2.9997754833044423	5.585377650480024	0.9898023543058229	1.2208742290409051	7.413713391812839	1.8484740527226335	4.6732899192734045	4.884806247481533	7.876131664740054	4.508195752490165	4.684052443901297	4.936292691338329	2.7762347199547124	0.5219610209445136	6.9256989365631085	4.648821221563559	4.754289975436484	10.14403301620961	11.214378009606582	5.991164364493478	2.9628586985620142	2.522033729758303	4.271603062143501	4.316787973739396	2.919592212136111	7.187722712672777	1.9249756421292161	8.293569286439938	4.072896261708712	5.82661511140264	1.9593331073328684	1.1128947021085394	7.178284181726821	3.4584742741101673	4.549291676062444	4.835488039842519	3.8677561330230725	2.937428306026535	4.713086220210597	3.8390093329456207	4.9374485770249565	8.254722875239406	5.258803462084009	9.1479050122536	0.0	5.1064688161483955	7.439769879994506	6.777405256808359	4.838568875108437	3.144225128543095	1.6363164173158868	3.842863789568474	2.474771893623783	7.144790143662314	3.068778294382773	8.331696470964456	4.2836185035851	3.6677333285297538	4.513402421081245	6.3469499055884	5.290790939667203	1.6580402889070749	5.677655510266629	7.465696385850834	3.530744593894219	4.893264038553325	5.996737898967359	3.5784552869937065	5.521091770570326	2.6490274745616484	5.769332389316064	5.753420368337201	6.501517901663284	5.296019168397684	5.825464525108306	8.343065161275074	3.308283601324262	2.159540337849265	4.466069701544492	4.101448374956222	3.0629269203611544	6.786903348909892	3.324639124168679	4.010497280649561	0.9986757507960641	2.5860864150940923	1.4180338340923593	8.813172215676637	5.14992495062687	4.951696589709022	3.4418234048491767	5.908774594666269	2.7520131672693533	2.4808598869983856	7.350505264103615	4.16784178015575	5.264790795186677	4.4417713693032255	4.799735521335422	3.982943723681177	1.9702064846412477	5.185949238727568	2.5228365681161686	4.701405638210591	3.9691696837832566	2.885167984981841	2.8969338226264822	7.790402517520963	6.0523603450850665	2.7584467334315397	3.2475294343021925	1.99858559399912	1.9378106770238508	4.553966744216109	6.05687163909277	6.230171184762542	5.172914000706739	5.6951377449419365	5.865053008669985	3.716703535266864	6.244466582194385	5.273904891084063	4.126432519485791	7.048657691356046	2.8216831960506163	4.982332887621889	3.863810867147636	7.236905541688723	7.965120448748995	6.906844429419722	6.447028364268747	4.386495601982512	7.749890658034165	3.6096541684154517	5.076343070991291	4.304867896942867	2.9034844505006197	3.471587075959749	6.699535584603537	4.906028161404074	5.577258826862872	6.0048297694705335	3.99256530813111	3.204454777349273	3.7906848247993032	4.164475285451772	13.198669640063436	3.643444024307334	6.7973872367033925	1.8055759872950934	4.7812447856366775	3.7665954474543852	6.0418394408897775	7.014369468321366	5.177986422822674	4.4392782591544595	2.162988133685817	6.717437778502291	4.61747109639696	5.718462798022814	4.346184168770873	9.28746362347005	1.9989950305194615	5.027356196598177	11.023979741701202	7.332879400136583	7.669888926664173	2.512496231526871	5.493106846868004	4.879466720615503	2.6209499828229075	8.013766796336311	4.753113904781052	9.297328313292486	3.143092860948192	5.963973623369534	6.759178725870652	3.7143448697516477	3.4374126897645993	5.670717140838105	3.9426837992268458	4.689157762038046	8.058749869289093	6.597439366064256	9.472355660428704	3.3189399672892104	2.5314886840907187	3.880421551444278	7.182618496142732	6.9625473477760575	3.3684029883884086	4.687972763017411	4.683540643236473	4.979221381086805	6.92635173556379	5.9819444722206665	6.90908592348148	0.9865025391507866	5.454509114711953	3.65534594597154	4.779505036934164	7.034571308370758	3.889031705955481	5.94671321882008	8.216141466702176	4.1555686787552855	7.118841249046013	1.3902701788678606	4.526682393525638	3.9941206095089217	6.18276431640397	3.673746532975871	3.8785879007335855	1.5798355549158725	7.766310801741987	4.465423248219501	4.264298497024383	3.835095515921889	1.9732395702689476	9.939299253225258	4.945842090939788	2.9624885866930346	3.664167096640552	3.3259789081401183	9.235800517376228	4.863202280296041	5.66728555214518	2.67731919979979	6.0136034551045805	4.537680791433571	3.4858689139668724	5.22630622369216	7.142041442374101	8.97753603989844	4.059512893590283	7.815019285621617	5.983556230140442	3.0494038328359263	4.7215472390568625	6.2862837861556775	6.120248447140533	4.995436509859076	4.003719864657167	7.175796475457522	2.3357950593387153	8.700887831247055	2.521644858566058	4.890516566690536	7.645713454282897	4.1006768968758704	5.937054976623187	6.796893351520216	2.5146810395424457	1.8213845144617824	3.462277476656782	9.459740157495697	6.226377886593901	5.3583919941261975	4.806307164696639	4.6350449733466155	5.353760981142289	3.6871977182565643	4.763623062804852	3.798892793910591	4.865379978972499	7.2400830469393656	1.9581727251870336	4.610228470412142	6.933591561445591	7.510666941572707	6.506382545530147	7.861358661890582	4.963339926487521	8.982473434525076	2.545325239314264	3.502733993338269	8.797576120172243	5.874158811671109	5.477176445940194	10.637701726340897	5.752482038687705	9.043817549322844	7.720437820783799	3.131199816194116	2.1888523348496602	7.9762988303433655	8.709464665562162	3.537812818307847	3.952171910251613	8.205246346014787	2.0031132190935934	4.543869011625068	3.8087476131975557	4.162626466600885	4.648419169719672	5.444749024639462	6.486194861245388	3.96899447831439	4.722142725240695	3.3669225158513307	2.0253179501916274	5.7785805000664325	4.555975867326929	5.193307165829351	4.4071749495303605	3.502306848130691	11.729702911037062	6.7103716514329035	3.325532162492737	6.06668298918157	8.28080277385025	1.535931386133574	7.360162768068145	13.016756099215582	3.765978844170567	1.7596126082894783	5.593193518079503	7.389896210892294	4.6949896947222065	4.086285785531451	6.818048841350495	9.04256333897743	5.1665547883987255	4.056823958585916	4.762234905610354	5.87454603780764	3.7114441089720884	3.142191536032051	4.9757341160035455	2.8484334705999306	5.060759066606683	3.931787634613131	6.016896241536773	2.468984134162478	4.020328239720999	4.8733285275633405	2.6134775216365336	4.136442460119048	4.633538057104113	1.6921754631802026	5.562929223672309	4.659500704761309	3.9075133361870993	3.8190481972812287	8.687542710039324	7.679551836297919	2.899484855786446	0.9786291505278929	5.844750530919334	3.6444400500277094	5.92068035961349	5.929357631609088	6.09014444287455	4.978914740433003	4.524571516914154	2.673740232981668	6.088985184625253	5.873967614767637	5.951901123139107	4.590742175591652	3.8723851068369033	2.546209360214323	7.711665387291154	2.572287722960694	5.934575678030738	3.525636863140392	1.9750601883789496	2.920380958324335	5.872857108466933	5.463465619598844	3.0142314307895863	5.102586800066048	6.47871766328107	2.5386077458929837	6.6798782133689105	6.132530406160743	5.312165457270807	5.874993911714861	8.326352253265606	1.7817929326600972	4.81296778228177	7.187200622858296	1.5194998248283642	6.4120425299882	4.454244708853721	7.092945435814406	6.656568107546372	3.172945952873482	4.5414951389486475	5.114834856818668	10.841104020903117	5.507246898572367	8.661434820689017	1.9554522620520953	6.332451533101507	8.159413661688138	6.425137118764648	4.371275934164731	7.4966531622282595	5.347824931903819	4.770407859931371	7.253177640552752	5.650295143745239	4.108609708095302	2.137448063827392	2.273883132845338	4.729432764723703	1.9612076532939267	4.801009179019147	0.9837097055907928	8.36827646987994	4.544235372891368	3.405638733643962	6.839880325816353	8.286012400871037	3.7323666391885024	5.907893884864351	3.5380187689650957	3.056317098939794	3.151003177581208	5.747928571636247	8.276137352916015	8.656542024717757	5.623180648117154	6.667502441359449	5.853239877228146	8.748236203786126	3.8600965449067717	4.873477829717518	5.797475558981514	6.258566700652409	5.769399951498405	6.90935125875223	2.950760322129588	9.077383652545716	3.0898661605663555	4.755146477321478	6.767349083312747	4.5982664619936795	5.509196525063282	1.9353058353962556	2.0015586387851916	7.414609943374108	4.862468533035893	4.742624708426236	5.0037498519473065	6.287955967825873	2.952829309544368	4.006063246403028	5.883276989247674	6.8268578488724305	3.0028449612153625	5.523168408404857	2.929625317481564	2.6015631445816187	2.0371393745334627	4.953653290120969	5.859997185322807	4.549431859999549	3.3084580652641895	3.630871704820268	8.0496313249494	3.5463397682916793	4.628103062300471	6.950859959181778	3.154615219429837	3.8906724513588404	2.5249816130947673	5.385557878099846	3.9935012512065313	6.998649594392727	1.0721169333983027	4.886003748428725	1.9441861478864402	4.525992949052791	3.304166325526007	4.947880995987557	7.426673342336832	4.111925484668673	3.3553581908243397	2.117158316734516	0.9630864543667906	4.221964896544874	4.978075032056368	4.981790188601362	9.228680681786647	3.6764903679552603	6.801003051937091	7.609910482810902	6.7808776370406445	3.712134560203061	4.905968048371259	6.837672894444353	1.9676033096106371	3.253968923194312	2.0684592420702193	2.5844734384287658	7.641344467227456	5.289924980484216	5.61436984969351	13.492318131265723	1.965568561493081	11.399123529903413	5.32661493684345	8.730185862618896	5.774924596758672	4.17346134405334	7.212170067276538	6.746542292860049	5.4951617471311485	4.76276236891289	3.968374200127653	5.201719704480032	5.88767157781816	6.160132774598156	2.936453244148213	2.780903094114989	2.92892377073931	1.9987959359975664	4.320608615969543	3.550531571095356	4.402212275426394	4.515342519126942	2.5184192874814793	5.00520713046621	7.910947403286567	5.887320587311296	1.5147649977700044	6.692184851079407	1.9662126692642103	4.286522029953131	2.645113552875881	1.9868646956195057	4.112481762362465	4.393918691878185	5.697690328375499	5.42247713241233	7.4344618406433804	6.417169535567581	3.413020114784062	6.160123164334189	5.890713701485299	3.1315626474747775	2.5157319606116126	2.779109619005601	5.50710962306445	4.41614501458753	4.203271926720035	5.9465634460247525	1.9637845193882952	7.836568300271738	5.191965211427572	2.6471459251583305	6.106924001620302	3.8441479500473816	2.12615395282183	6.394371716496388	3.6299580356863403	4.776651210935907	2.134514470631711	6.860085331346148	6.699266829205237	5.249220437969426	6.006717237841512	8.589413062640945	7.886582248433171	3.016722067882574	3.154527099021206	6.678101226395124	4.81843579267169	5.87745314830862	2.8505533483275465	4.672610736444718	5.708107212147094	5.738869482011829	3.6901056666873346	4.070775019107083	8.944883789878352	5.670094082594828	8.925696320703876	5.6455838819736845	5.172329577820081	3.027379567302032	5.648096250604541	4.387508720842653	5.583852916820128	2.638225499193497	5.163181825674425	3.2879130589250116	5.226929287183886	5.538562373527863	6.69456444733768	2.466125637097711	5.190304324221337	2.9270650618529075	6.740243138337297	4.297337636194743	3.34347574610292	4.012331065402096	6.121839684087368	6.069969071551861	3.3637211511204135	4.672081404294287	4.020174662751524	7.259038358526078	10.431635546911417	4.737261597515311	5.602808680423201	2.808693178356654	4.544092135334825	4.178245206357657	2.5496217533562375	5.983816994354933	4.757889071691142	4.390164994456928	2.8921685854449586	9.78830614269907	4.8162068631470545	5.489019036274942	5.352522044234314	5.959882790592939	7.040779598611593	10.377773560349771	4.3602535093393975	6.914454610147053	6.258978051555158	7.992513784108843	6.994194059437646	4.641612616729907	6.699862109860363	3.9813153382271085	3.0827834633276363	5.272994566410389	5.768745163363221	7.715214159709808	6.181779343852718	4.059000240230578	9.107967538329023	3.1271552580217676	2.9995975990554595	4.907818447895463	3.866077034119784	3.8164590367127538	5.865537083594233	5.948796943560837	4.421788935924985	6.0463495348327605	2.51313617024467	6.931958971225517	6.854214360579664	5.8082866049442785	10.960043775657681	5.8075059511861005	5.228407405644291	9.053052323743744	3.692344170851695	7.824008975064805	4.9901449968633464	3.349764241960892	5.432448385014798	4.45713921446964	8.590773018002597	4.0410844223403055	3.6814994584639646	7.4130840960451785	2.950787261525527	3.8631201040503327	2.369118609087263	4.959096822687711	6.645831164091842	4.720316298984678	3.9129466864711118	7.1779262207079295	1.0345977535473379	0.5699771720471672	1.1526511410436235	4.291605228587218	3.8113663332752474	4.623264419914472	8.987782715452834	4.994792862755313	3.0416583081943593	5.9406039575533285	5.871485341657204	4.245015637931343	5.202481165539559	3.0772348908617624	3.5128596168178894	1.9106433576679178	4.409365547729632	7.338814283754844	5.901400910988574	10.002389593134584	4.781721422064006	6.577623906854131	7.38272229821904	3.5621197920067917	4.387452500834441	6.136361311263564	6.479182759766251	8.146698084636705	4.409747868844159	3.7973674911821496	1.959764957043413	6.065796625878903	3.67912941470141	4.423922660814584	2.6861373318933777	5.861366174645904	5.136632067694632	1.634667026185635	2.9689698480562323	2.991452349828893	7.09969746089535	1.5089892615093767	0.9868626601858562	8.461977639402868	4.86520457754784	3.4660666138394105	3.9637241166416812	4.964172530673853	7.3149237819660256	7.855463875620002	6.558878983588319	5.643013831426992	3.2005305564232795	4.179756083114503	2.9230402546399916	3.933570785596797	5.3679318651901164	2.0872207499184676	4.144192654063921	11.31254497024964	3.868758547719365	1.6584858818622148	5.892883612053942	4.876766804358522	5.459915010662884	2.977661052379635	7.424243963385798	5.808003292654481	3.8857044982448246	6.049743218314955	1.9418425381929318	5.884861901058723	2.0193652507971054	8.799151949814842	3.705332179669059	5.839791230489658	4.437123199980996	7.1213251898957	3.281333337778247	5.650455162757339	4.711971310716135	5.015680725729784	5.307893080730691	6.314403219499823	6.703311826900138	3.9170137264174167	4.976186057420245	0.5246405097288351	10.223578376213323	3.8945452757867156	3.78212418222051	6.463403560213865	4.0577450945135025	5.207109672908685	4.927996352829404	5.60489266462173	4.082475247423927	4.087964237265637	1.9403071573316875	6.676407534942549	4.8408487817342705	3.7151709267223323	5.737100517354817	4.228761124491462	3.2784571008257015	2.914357148329705	6.924783615963759	2.1976625642016434	2.764426381197805	2.3612131270246035	4.779599435863015	3.3221472139911317	10.626985373753806	7.729573456110986	6.986190620475343	5.934179161443056	5.287130223002407	3.5524636360668813	9.854501154546409	2.93865153342983	2.477582875289146	2.7129653354657677	4.8798667326290435	5.682678464198956	4.5551989400080215	2.9095514760916203	7.787372201134722	3.332713160541912	4.869436156673572	8.775332986080658	6.573249160966897	7.281295066106137	6.540931811311946	4.904146282309868	3.5605547885534015	7.365151533827445	4.270858933618127	3.8939850564650005	5.049097303041012	5.2988704847616726	6.7871737839603785	3.8544135898538983	3.1535539767297576	5.645615600354219	2.8462850791140224	2.428715333660419	4.391565628870738	8.678759886171175	6.001385024215434	5.843188027212907	4.117629263230502	3.295715932283829	5.076692975418327	2.98674401730506	5.174554524040572	4.864208183826721	7.830913468864711	3.762868121485153	1.968697982884227	9.749528040247995	2.2302643112067564	3.297981744128183	8.227951541518026	4.654437496425848	4.172439257706499	2.315226827927176	6.81236723618737	8.547573200745713	4.818817862133284	7.5400472394694695	3.0250240819668828	3.115282257661706	4.674067943980586	5.085896994465409	4.725329752792205	2.9722334461565643	7.787638318051872	7.3359376167556745	6.060691065521099	2.9247935467062556	5.199548465071889	4.505544738512347	2.677214720379298	2.926953115119561	6.317774271756281	0.9933202250276784	2.308590081953082	6.14257792943711	6.293898756319724	4.1867201324961485	3.6618557135634022	3.7365723889311715	4.284513170487922	6.463486664709816	6.919269261320605	2.68895299511682	4.89703488985562	4.150778738191914	1.1492631427412603	5.813401647826453	0.9763186730955843	3.555731348839858	6.85904216559089	4.568372344138573	9.211381997380835	4.557653082383663	3.191803709306448	4.647235372821506	3.9460730029620357	7.146196935391336	8.11000347420309	4.750462023291292	3.5177893156228746	4.603623566887732	4.979305423114799	6.678995671910682	6.936937282246299	3.21124547699034	10.048498258491362	2.7299682693982565	9.49587428868118	7.777484515029045	11.131991405945564	5.800270891400366	1.979885504854491	10.187523965512835	5.3419210694818995	6.100635731845412	5.438607390288461	1.9465154000205702	6.699457648245847	0.9927713663290751	2.040600840626495	10.285985358104767	8.079196445772814	12.00702712085312	4.609306697232665	2.244450137146934	3.027017595380602	4.919029256985048	7.761592354527211	7.500610492377385	2.904097277685575	6.662670561564549	9.050347206414653	6.044310601722829	4.669825454055922	7.467856189875718	8.374572723468864	1.711949278035935	4.889415360025518	3.1649294446796703	4.532126106982195	5.5165673918080955	4.442361193415994	5.721224308597382	6.542734549407527	4.985947856773429	5.688021305598836	3.3992390016381138	8.25806192152989	6.616697810704012	12.860585456067001	4.868473964912118	3.327219881733493	4.2944156598191725	5.676137064708996	5.683508001694854	5.865579854692251	3.9914668364963752	4.142820816610773	6.04069654923698	3.7409573671281677	6.808315953842668	2.857809948697328	9.04254028471214	8.124646828147267	2.2719138534394827	4.694669769274274	4.507301151810568	9.482019259565368	5.352223335544609	7.645404727818989	2.9351333268261652	2.9238281205123133	3.9511582274139085	5.815140030918974	2.3671927755849262	4.415757476834817	4.850358567431429	0.9901408467425152	8.014775863993435	5.252198918798049	5.665867434721719	3.507011994176194	4.71557578329604	6.026816158823135	3.83787076440178	4.226908232233878	7.863481639362569	4.373555659826242	5.631067270063699	4.166748958943418	4.007370475393979	8.235888554869929	8.877406153186573	1.9537151269407262	8.730505680220075	4.385591722609558	9.0138567563327	5.954056616620399	3.4219136938785986	1.5103986748732812	6.748398415994764	2.557760719875208	3.065134678588781	7.35860637468608	6.675325189130473	10.28678024555145	7.864996445199888	3.7393939153848548	7.865939929220566	5.747845252140662	14.306475700784077	6.98611690445598	6.984191571857481	4.753429890951036	5.793974009190883	8.602176596680284	4.596649998206026	3.211242399022356	5.713726137293493	6.702490672993493	6.905679957286975	5.920032306201331	4.896085378172894	5.698743835457541	1.986156625293765	3.7856304956594498	7.51296914839429	2.816388152665802	7.706960187240443	5.530702052668205	6.879207040127439	3.7748831542974552	4.325676588815722	6.106729510197161	7.107494619655016	4.697172741414154	3.240049143705858	3.109776290633713	1.6177920751244022	3.916386506308268	4.485382432306173	4.728999769031762	3.192639817539703	3.3113419259570627	2.577148035520938	5.005487539377457	4.358078128694628	6.305234943410483	7.350534041908874	6.543311354940589	4.705023263198422	3.5133362530512118	2.9888236182180212	4.664107115825403	6.736953588364976	1.9771373782998989	5.867237270721477	6.4953708881754455	4.813138120049535	1.99002186566987	4.00269516512307	4.899903672472244	4.197905944796468	5.901805194058024	5.8491017247081585	5.708621839343898	5.698038200606745	6.553035144684722	7.765119306357022	4.489039378412202	3.5914258905521113	5.7487632067220575	4.340184773523027	6.671416792160726	8.027919016768456	5.459673058451978	3.52687572320957	5.812390080687989	3.646291079695258	5.212536089559711	13.237486784790594	2.9772843720272957	6.998941712172687	3.7648232694413792	5.445534785391173	5.544075412714373	3.734704644204354	1.2409565327481489	1.938959677550649	4.4231486473347195	4.394768613787711	5.5164188252061095	4.0414696757101405	2.159924354020888	6.216421109396999	7.549496418018511	8.82143372987182	5.886887697094965	3.677919851232552	4.293160958315962	5.00335123668311	6.7567952079587945	6.277713465001962	6.0296498513100065	4.236680417005809	7.338118993623552	4.551723464782826	9.540777753597284	1.9937829332658374	5.491681351824585	3.887037190305724	9.476855487003574	6.67764689178778	4.093779565857702	2.5277140626310812	9.40646464746036	4.611051223990039	10.23182491703803	2.0880653879750044	3.6711877537370707	6.804124344366733	4.324749051737757	7.382016192431627	2.9681704387519643	5.757857795860642	5.505945396822084	3.690077295485754	3.6445362461249053	6.265197486096132	7.5881342116362385	4.740908220687989	3.8108883709368957	3.302488057347361	4.057339810128723	7.561853375119103	6.479914897024517	4.278423463130306	6.820512677538942	5.7069935372239	4.112818244371472	5.418711290239181	5.569189945129015	6.85102379418034	6.573090876118673	6.827674818707794	7.050752651833464	5.300083066172912	1.6066428367262964	3.299443295958888	3.8836160464320995	5.084553826944006	4.0726193462952	4.182247115128161	4.108708394648488	5.353340077140324	5.755278581974321	3.029063418419471	1.0254127324518982	4.741228882039567	6.226466146284588	3.1713162226625244	5.242308462580799	4.158890682025507	5.834316607463106	1.1001741612083424	3.1014495141570624	3.9692890767059152	6.283179607206649	5.932080837313314	4.549032032691661	5.820134772616715	9.893117037433466	6.746320820007714	7.155252287450874	4.499901799115518	5.809060701399127	2.961294097511491	4.901771283023755	5.258135264891631	8.473861396543311	3.5318127673692095	3.7373448634166806	4.012626780474914	4.499341525916957	3.5597503410542246	6.251228583475958	9.522585510575519	8.143870896786982	7.404442906948069	7.594792732298545	5.727855409468999	1.8426315267378117	9.808787226306578	5.32051843840953	4.693857881430156	3.7043554048461034	7.35321724495664	4.046730736742702	2.346428489028128	3.5434047954215906	0.0	4.534044537147742	2.5851897017270797	4.712741628973304	6.709674226034777	5.70134014294985	1.7796093803475028	4.632531550222763	1.3638455618078853	5.947152751953038	4.524273533563083	6.905637189203073	7.149978152624134	2.816926842293489	2.5023371370324816	6.072480869587636	5.509741090330547	8.699735324356716	3.9319830755937106	7.8784502566435615	3.0947201520744576	1.970963567927782	3.357339832664376	5.628572932187962	2.8506793152609693	6.419901124642903	3.146702840909588	8.15787102546329	10.460164890176207	9.05793929364208	4.333964457125434	1.027535986499912	5.103830698815477	4.782442388929966	1.5184514794254467	4.687832758395945	2.7163315186455415	6.109012526195871	5.633618066776187	6.2252649481462505	10.255661450838097	3.9912751496605665	12.660900498329902	6.6906821166885635	2.9780370231772686	1.9642994878382607	6.54305372374718	6.915064945111172	10.64795910578127	3.3762614136159494	3.675622914824284	8.77743938361106	7.4790275865545	5.016608319552152	5.790121226459404	5.73837059087891	5.567501762676728	4.6657190806074835	4.8827682994389505	6.687628107441892	0.9984358996396805	3.9596448532652233	2.138256553525562	5.859521843091853	7.865431622548432	6.928731862530977	3.2967463526663185	6.83312455577019	5.015658178367682	4.569105892157308	3.732342511036202	4.654704621993314	2.949496743670341	6.912184220136437	5.747099469350338	2.1633779510103905	3.188322007152243	1.8292982775289588	3.981984629284876	2.764476828631496	3.138606673088803	5.90292532041148	8.847286072830403	3.0118715992722453	5.023454520048642	5.530411811708872	3.151231926937019	4.405005358681196	3.964987136749281	5.21292410506236	4.576592736803404	6.56264886262492	7.958521254267078	5.807391958528474	3.1008015846521104	2.9919606519156443	5.042114400574532	6.168386134028942	3.326813719400284	2.8415899527647785	2.9173178726493183	3.2440901346536153	5.41122430239306	5.465156143198965	3.956863192840456	11.93625321183134	7.633714980986098	1.0944631308822041	5.581316665637689	5.002494366138404	7.007666840137406	5.908099717742635	3.438261689286987	9.125298188595313	6.123511258825574	6.575748470008039	3.0585644047256606	3.535304760837629	5.015033785395161	4.103059433734181	3.825026447834983	9.858179610368063	5.793681394518616	2.876775343889413	5.9422293915347115	6.002828079035367	5.381460075248252	4.695906138869039	5.721929981653035	6.199988554060543	1.2071258059535344	5.841435158517555	3.8369021546418303	3.024695825748214	4.699997599774447	4.7732912118872	6.030759928043921	5.810628541230556	6.794856257661649	2.9626812736114543	1.7684907078624388	7.363387519789482	5.649213694510935	5.063039935764634	4.876654901162186	7.711486064437967	5.995103465789978	4.341361262300188	4.862427638706459	5.1525970825161655	2.675288515222376	3.8986265056040454	4.54049593470796	2.735798951460416	3.860642983747493	4.130981111212436	4.762526426801908	3.061754723280325	4.715973128921893	8.190211098787834	2.5716793438578502	5.045074793700947	5.247686835627008	8.596618754021636	4.98341417052594	5.394307270423917	6.937818829265632	4.698754235408396	6.696061924968111	6.102577665836848	9.751203489562192	5.019711169801344	3.8957047992480573	5.297258716906439	6.2461122388599915	6.727185139886174	5.33716874623738	3.8916634664840624	4.486676386399823	13.609468975966154	4.19408711415696	5.872491423187638	3.5811547549403957	6.340636765869298	13.350810875516181	4.0045674024505145	4.193943310386687	4.29771032025727	2.5283308696422497	7.622705138270453	3.5129192337401425	5.938661089699008	6.012715197071707	5.959334778213463	1.9525662175890257	6.3227415188178755	1.6373969073685408	1.986003884538382	5.566307223552561	5.390289241205193	3.751404099909583	8.819396287779313	4.663666138012113	5.748601274614966	7.669550314716793	5.904380845494003	5.557467401428956	8.700734271049638	7.086053902134889	9.175693765021185	5.446497144260518	5.364311616073962	5.860835813634807	2.1027597942984224	3.2957562614155402	5.1190373786100025	4.698022592922101	6.357755102859415	6.952271152335429	5.0903281331281605	3.8403959469326012	3.107428330075681	5.735384955884606	5.632574896850694	6.170805545909994	2.9530051022242856	6.712463269348012	3.8411251849859567	5.3864318510750975	2.941380235032162	4.901663681270631	4.5256625294620765	5.365877204522927	2.621831296376222	6.887917101517216	3.7029567265644014	2.0094256010170923	5.818300812086271	10.957298323010178	6.701129936651478	3.3522308887859014	6.6014717158413205	4.934090157055169	1.9400983683575264	3.8306205134303846	11.204417621474537	2.2190681394850924	5.719644804524662	3.917945067053518	3.8550693614370357	5.378266831891706	2.5852252189806637	7.187042325158491	3.4130398493936056	4.179979295264991	7.276791982124501	6.7781662640142955	6.353233614564931	2.9086655430326416	5.555573091200122	3.6520215188601304	5.961966264214853	3.256800818186406	3.2773217088255433	1.9446081086325298	2.402001546547494	2.8222506560209526	2.9167826336466023	5.802377150771505	5.005072505184119	4.6823584111178596	8.110395535285095	4.255768011517781	4.489130138590611	7.470936452658128	6.034291229018148	4.118371957303415	2.7978407219429613	7.260806878065376	3.923547009323826	3.825919101315432	10.426243306781211	5.805725742078867	6.084548819979337	7.58156905144108	6.069819434174513	4.121893044732365	3.059907330556428	1.9171181893163594	4.825629894155485	2.9649715530358076	5.6976564570775015	2.9732324230734233	10.47069161628536	1.613464701808513	3.7338434798182303	5.088874391794819	8.89764615150405	4.050783835017682	4.682897342760333	4.96953996645325	2.9051093602967635	3.9153507187383587	6.965586402035591	2.8348934673921526	3.280010344000126	6.426330476853414	3.328305044980425	3.829445044704603	4.084267225817307	6.4003599727492135	4.029588090216492	7.421859784135554	6.962656536836395	7.03207808940206	8.83361908658843	0.9916524086739699	4.8781976404706295	9.208114243459924	5.673337943030851	4.949051239175278	1.9742407407772198	6.634437804219496	4.223660738964159	3.841017669079229	2.9235371497316622	4.608909905213782	6.941671940227551	6.086240617467003	3.8606039060737114	5.1873768943526075	4.917938565278996	5.860761835363129	6.53473421961188	2.6863899361596575	6.766897356443972	7.469410340964306	0.9835100867537798	6.2835592088296295	4.98457323677737	3.8765941434513325	8.385120112068597	6.674863979740936	5.800382596510622	5.829721956113505	7.0276085269196935	3.7945183141728576	7.3494935892239885	5.743846482764047	7.342884956879167	7.832494294935348	6.119264533686455	4.738311978204636	6.365787532696126	2.8893114058145657	6.28798661520948	2.7432258249264403	5.902651040085291	6.456483505345573	5.298331809908783	5.27281485227837	2.962541093116009	3.2067628708121414	9.073396985041018	6.069671340860565	4.1266982076684355	3.242446914371578	5.128454327301455	3.8890853388982425	5.884515523240787	5.855235686432369	3.589087156484476	3.7305866832931485	4.410329604327608	7.874581137840735	6.46822148358276	6.152002718896976	5.019310346214931	2.8479287481757902	4.531879955154253	7.6245930141914675	3.6435261980745293	1.9520873492223298	6.953485244120165	5.881128411682564	4.537495582762915	7.951478633775214	5.394770827953261	6.394169930750231	3.987014455497616	3.8944826748735046	11.461150346700727	4.280223066628905	5.955751882964358	3.1146382932216117	7.933403649242374	2.5227832307868128	7.9685522819871135	4.528097482118775	7.802845435441054	7.207254576850773	5.195206475805621	5.166741050566429	16.14348013438166	5.65003785555872	6.746889785670061	3.3072469311899617	4.918971020196927	4.350021406789571	10.070334556920207	5.896850509458524	4.745202891321635	6.284230226483115	8.725552070807543	4.575459637197843	6.376910605001119	7.652142746946276	4.881735253653885	4.033798148871688	6.498988308330676	4.884048780351102	6.060551421106759	4.071481451907862	3.4212175212854645	2.6463239258058913	3.0007615831879018	3.73643611742924	9.833187823814708	8.171806419452933	2.959329737435039	6.784288416443403	5.8062350011491235	3.244147772082093	4.341588945470302	3.0085821123301706	7.972375780762313	6.9267625299431055	6.414865364676069	8.74509337306943	4.926831806451268	5.519587971381814	5.9467034373849055	4.832464096021908	1.5930982808186165	7.4659348613180665	1.1698300544486568	7.0573355628538	5.603750715856583	5.0107484211183815	3.3074345690649407	4.00324344804859	5.544734322873024	7.402533190779371	4.607836926212366	0.9668340736789498	3.982081080465354	4.336154147128581	4.00433800949893	3.285681513886641	6.179204483050843	5.754392948859217	5.12999317205919	6.777826754999578	4.548942963573954	3.0028107727618703	5.453273849949544	2.257436203965268	4.904216465477194	2.7218897997449725	5.129969720108417	3.0233187914594404	3.939650084269033	1.9588410177678868	4.171152309993564	4.70488857125842	7.9378738550438035	8.875637573238848	8.844754419457972	2.94792562670306	13.56718905356002	5.201874946250014	3.964562575850719	5.567236151934905	1.5282068656532897	2.8798347789056917	1.8271530995114165	2.9397515488216603	6.042746644117896	3.524375637420329	3.2628617548492906	7.265830253353817	6.335375963471874	4.772445088628965	3.729093988442155	5.1991337401146325	9.296636397575947	3.159724645415326	3.694591976133952	5.284899061630934	7.002580465331149	4.268616215206502	5.8367806551122365	5.843868899341007	7.699776931500162	5.520834613535919	3.135715890827434	8.021566719422262	4.4885938183538645	2.2287062650574505	3.0339228097542126	7.796111902070024	3.9296201320777606	5.520926286551023	3.825863378250001	2.2029320676761963	5.887728566117592	5.386765662572417	1.5613959424987953	6.797127173960198	3.902531956594791	6.32481392229479	6.06490117240913	6.470959956703733	4.709058991043157	3.8519524160807235	6.74559378586822	2.601652718391516	5.927468360738561	6.83210546042416	3.492428623326189	5.508616246576862	4.036621905897598	4.921763889686114	3.060273711032935	4.219492063405441	2.461140830348417	4.95598173188307	4.645329250739928	3.8570454446593305	4.699662293930491	3.8898887671774944	2.0169657869221242	2.721153938483429	5.96654201889202	5.600298561462935	2.916194010202481	3.76231744185175	2.8522562958893305	3.790346619335694	5.892107060215241	4.166204352855326	2.0717854476999578	5.861309525035777	2.5259920759372876	11.370224124342545	3.7654074667938313	4.372954397217763	3.966147128358016	2.087096187350607	4.932910651081512	3.980739056579346	4.886078953212295	4.406653929348446	3.9257330856760513	4.89937512570736	4.916342019718138	1.9426733764088164	4.438260629004632	2.206455122244179	4.906177557043712	9.265734419475272	4.044517446456158	3.902640952818525	6.52336747197021	5.256385487608916	3.338665061617718	5.144833302594144	3.868634255354402	7.698241788544689	5.863403413700699	6.6617229275641625	5.972875475833023	4.856197121193131	5.240524776011364	6.581056551376144	5.194519701558733	4.963030072842142	5.435391232634132	7.7116578561675455	5.450684896172	3.3520605660145595	5.30446459107226	6.471785203671717	2.9240486945964017	4.937992694348584	7.569877606274777	4.986626850825528	5.429781846145807	5.010922750330094	5.584490609552268	4.878485036998372	6.040658490095272	4.89227350866102	9.124059410462134	5.653817442459111	4.193149738962343	6.192375950309648	7.762097195100419	3.793236738162127	5.381788894345537	2.8703613315169636	7.569502221969147	4.127375992523498	3.4289279052864003	2.6097053844555718	9.187237545211309	4.224830037655558	4.881940421473173	3.89955035059119	8.363651997751145	5.428875447992506	3.8486049366725434	4.980597304142504	4.290606858412914	7.209929430792874	0.9716944269631295	6.596978464992945	9.970330329609016	1.941520220477433	4.299310187282913	2.961572956913372	7.455772596790416	5.652704693642193	4.641728081463986	6.084689686703516	5.082200341369249	5.849134618654996	1.943395579725927	5.668363685380365	3.067449898728342	8.68418281977785	5.274299497764334	6.485466639920504	3.5285260823308917	4.048402093093967	3.6562602449129424	4.881889965110364	11.124496860141926	5.922784358847306	7.72680590733293	3.6784357973290085	2.954650329175335	5.413312573717914	2.739641916219615	4.598960978662894	6.252002007440239	3.975855965578126	2.897252190781688	6.590509822262319	3.668123713448481	6.846652849600819	4.941526460079765	10.858970488580928	3.431811107664441	6.728118491640038	5.184725887629071	8.320821536676837	6.030662763889291	2.915598640665792	2.598180181400374	6.758027314821395	2.8703644143821694	4.744224186141988	6.302646368142989	2.192693643181169	3.8333058860492146	3.7319389223301584	6.659962253819114	6.783069431035827	6.722602004295333	2.659210430524313	2.426852734218198	5.049715515649762	6.2900119903728875	6.879655775927331	3.9551434311183495	5.3622666573006175	5.682146539783666	9.796935372325605	5.7324458463363	7.514674383635474	3.611551775258934	4.5087553289901745	7.746390930330561	9.725381489034007	8.776230276864403	2.156686436414836	2.614224868819183	6.623158305398711	5.914414888057835	3.5887451713206024	2.1588622049561006	4.8483897663623	2.8830292052615274	4.087950888317531	6.112113927896499	3.1998498046852393	7.531718221180976	5.97694461227474	5.709573287727254	2.2662423909806018	5.294316315696833	4.670868053193437	1.8269227967893076	8.105705366168289	2.95867456026106	4.886135222369815	1.5623522621989478	4.366644853054978	4.870582222054664	2.6043456516577352	5.897828474571825	3.8186431344980876	8.185540982274091	3.9576268006987707	5.8677449875121575	5.750636858781704	3.6912729405666918	1.9992907212759425	7.771636714024442	8.05397675038266	2.9262938838114	3.672358823312567	2.332983670735266	4.217231795380452	7.384533752620967	9.06640426945393	6.791361207935972	9.798899787078277	7.845007694846053	4.4456097772405805	6.79949572515044	3.4230817470523593	6.692859762027761	2.9691522568911006	6.442519033279412	6.06926167658176	4.89957908189738	5.542069491145391	4.887865526057835	4.055412325010827	4.388771943691446	3.129657934669126	0.640028466892588	3.7131440032090737	5.659396303800514	4.884643365666067	3.982242984641248	4.784455899420852	7.839774906849343	5.535698204096562	4.047418135047956	11.06523035789431	3.2185282257788193	5.176824016399115	3.024396015572148	5.018419985695747	5.722352907732272	8.96116219425406	3.848835384105903	0.988915842587028	2.120092680455445	7.492582244361147	3.70193406973999	4.119142728219787	4.602216283481238	6.513717944859513	6.738934092698629	4.234264670065675	4.914661825176609	5.15225173613781	4.8422095939187475	3.8342502858552816	6.073274230858703	3.3487070380892767	4.488791387322448	3.4431093256425482	4.242592170242653	4.2416947924149895	0.9968987664498179	4.700071692966554	3.1065665789734997	6.246999526908524	4.164024221495363	3.7774278827681997	3.458340630364534	2.8902014120428743	7.49990885000999	5.328764339563568	3.281065721468974	5.156116831234418	7.862608549899328	2.9034116166083193	5.843893111848249	3.7075224798177744	5.082810305350753	5.854179972534694	4.910677075292309	4.56838840412764	6.237627966579682	4.2173499487306625	4.033132788039506	1.6660233069982042	6.171217376530939	5.711017418512451	7.498398060747387	6.870386597315588	2.8455621114839023	2.6896884085971933	8.875606562493058	1.9863448771845569	3.8802049323208005	3.9521284886752914	5.989815344644692	5.739526314740153	3.1171245587968137	3.5489797424188785	4.926863444396253	4.5159992206768695	5.325831975419409	4.001870146252972	3.829636565392192	5.384321385812459	5.01207228406306	5.838395625425236	5.979367493460835	2.3781158405455547	1.8031336123395825	6.863754677501815	3.694082963007737	4.844283337662027	0.6563514510390271	4.995555084989335	5.063404143957456	9.511042235582607	5.86156114992351	3.935754547862199	3.0281621800081475	1.9864812358896498	9.109304463563275	6.598022436529425	0.6451146168293701	3.937228503960255	4.837674377706927	6.633532063497286	7.8000320558641265	4.025216216269493	6.932073615527371	3.8650398819374976	4.525887158059501	3.8936128412798547	5.0479000702927594	3.1671185956023478	1.2919625235422503	6.602341673703279	4.216997669466831	5.451768819678093	5.737462099603677	7.31972806854504	6.383378332614277	8.253018716374633	6.163504908737452	3.9654870732934024	5.38959568602738	2.9401460360991387	3.8858112984803563	6.226221228741308	1.9635011848048773	5.006204390542164	4.91972511582664	5.521776644862114	5.103266949674596	5.594247019376883	1.9992029263341984	3.1672610918240265	3.6265821524473565	2.9114565312388816	6.477388063118751	4.267095302111344	8.011979072006547	1.9618212686881253	6.836350629675316	6.586943851696708	4.29932147524431	9.776066572928217	5.888474904319091	6.614757336342923	4.286424795208466	0.9924151896240957	1.0910843177126321	4.076433806684171	7.754114669900206	5.7612447565486935	2.938391612219668	8.256651875470268	5.212716256102931	6.436229978478849	1.9608559522059172	4.684668263546572	2.7887809570512836	7.176490176234904	4.987212006843151	6.870707145771798	3.1621721765070268	4.993504525950748	9.211168162988407	2.975348627336609	4.571829578401486	7.662927952577155	4.513581155051693	4.7103846721691225	7.268475570883101	9.714087367662044	1.4062100579562216	7.647084422751413	10.817258202562689	7.817960904618715	6.433507333583072	2.1986112132829376	6.09805790754689	9.216838185888328	4.858468974620718	2.752599506585683	1.602772906593688	3.3794831715836238	4.408140263185336	5.3456225923844505	7.03821779836749	4.159482881879229	4.1612361176480706	5.247794193420794	5.630768532785682	2.475586887972941	5.353064504372993	5.257402917062571	4.756126745157246	1.8311274618132547	4.238250061236878	7.756097246156671	3.3368785462806194	6.686181688025955	0.9988039512822913	4.989283363183823	4.377819364265996	1.9440041222969253	2.85854505524317	2.816677850364713	11.539893004669553	5.777894454803695	2.0282629200338382	5.332498807479134	4.562248024115886	6.841759729843355	6.8610403015912516	7.897934441853501	5.595876546401874	7.883019912301071	0.7880320055093374	5.595978438077577	3.4572035611140266	3.7188843514977385	3.7557339711663547	4.4977454586357055	5.533248359599071	4.893355531988868	8.706327555092468	4.53375977745223	5.315947958001071	6.060728037121154	7.711493770462109	6.931079336725944	5.746587483507595	5.279650300858082	3.3319722046652713	4.722382530059423	4.90466457408084	5.896494684404789	5.467772144074164
G2	7.240967495215165	3.800729830853399	4.383950729710692	4.905205463881797	5.830097545005557	1.1008263772238627	0.9855490874173777	4.457610914929294	5.284137858445466	5.449658639947718	6.0762196064326695	7.704471542098265	3.1481914638369126	2.649243605880779	5.865840134362861	2.6834147851665047	4.778023967922893	5.346206090563688	11.156512869863452	6.117069334460222	4.953112860589697	7.5846233689936575	4.741299987597844	4.4356151622337	4.29713849944768	9.022943280029217	4.355094466866888	6.627658843291322	2.524449023256701	2.9603798679834	5.750549729065918	6.733518958053333	1.0328452732176892	7.850096467865953	5.826506724184723	6.063648398278561	3.0371923956988005	3.3397061140577073	2.8046167415092316	7.063192580181317	4.170564193198054	3.061984340684997	6.163212453904269	3.904116731449118	5.939783095627754	4.334501740026797	4.466851545250453	1.994392756691098	3.8700359584349004	5.035617909095236	2.6757466011417645	3.7450800677701346	4.882405516438673	7.227109523214153	4.800899111171127	5.293576824470526	6.297894879038075	6.112833949834518	4.612362464866616	5.559746923282242	4.519389132468948	7.7874076506834795	4.872025802100007	3.91982623644036	6.559959474674416	5.798710866593081	4.27247443420104	5.271830089807557	8.862032568059373	2.306293166041797	1.639595582379387	2.6020695591101224	5.492000542693123	7.05222777213869	6.101223006715507	3.424293991567539	7.876320173265655	4.8859630425186795	3.78290889755906	3.9748336258984853	6.6877013555634015	2.0391661470903806	4.363503500349805	7.071958532832395	5.559271432203458	4.536647851574695	3.768809672890933	5.360826530405344	5.952495017667058	3.9587714524644846	10.042711096342757	3.1867032702402946	1.723426424773715	4.854548447604796	4.2180275509381575	6.531983084117643	9.115164623737545	1.9847281282200278	4.675526050650461	1.9226759553144688	7.3884896695626106	10.161418864526514	8.807793139115232	8.522673102670792	4.91807117607959	6.439666447128208	5.600929454798887	4.491631524378101	7.527448311599772	3.9860637092249003	5.943754498871484	5.12199102071303	5.004187555439707	6.7311522285987095	4.86621060355607	1.6924206754975675	4.065330468197574	3.270444912453245	3.5651710251162196	9.367750603294933	3.313453041131709	5.785862601483528	4.1443589803816945	6.027344458435347	3.210958828170798	5.363590337953622	6.226306213598619	9.475620815494816	4.8698403774453265	3.118401905928559	8.90373006576678	6.812251383933966	3.849230629325748	5.856830391249664	5.79278733296316	9.563589977437642	3.4161090254789053	1.8553761080681235	6.05726392832395	3.273080310463355	4.722686638838649	3.8341396853126954	2.9944252324076737	10.146802826181583	6.512650829003242	5.782005945878534	4.88455630922714	2.8633943186747413	4.2336291762982015	7.681110162442354	2.2145143349714553	2.9302637911477456	5.937318422992301	6.753861504482649	5.352557983810199	5.5565740024367845	7.084549500151479	3.8230847239463173	2.950122731964272	1.9384956154989847	4.377778523744433	6.840136844605459	4.2571104615900195	3.636491783610228	3.6607075171784023	4.2451405216656495	4.427507370036416	7.127533253167685	4.863309469205988	9.023113248961636	3.9174385933103557	4.689459179170835	2.6905902725602173	4.957362158884233	3.1294068755192987	3.729392567671278	6.79164090331302	3.2062634629131677	7.990142826842735	2.7393881334893493	4.816638662180924	3.150851517924937	10.788216956456155	6.960930099131402	4.033087460427687	3.0026651063506598	4.935368231575894	8.335597755349268	6.136743556709022	3.0239504108711306	5.280347352673896	2.699932608928253	2.8957494318068235	2.462004961735411	3.103893901528554	3.935898361596035	3.369495748379916	3.5933528644475614	4.958722261885115	5.318483016464116	2.2241573191973196	2.1408104288241594	2.372126961396539	5.263658708502021	1.6755789765632487	4.08083593766255	4.957768102103151	6.899542631061897	7.158199176896687	8.087222502249439	3.486183930123981	7.113435514167828	3.459454857533741	4.994843948218129	3.878694280582077	0.9543199482085313	4.401475383915744	1.0942274721519059	5.949825590123667	1.9686171715519627	5.9260395466633335	2.3705935569900425	2.570104833866199	4.10587209688128	5.318817801899352	4.554004089177243	4.7864211414881686	1.9331636145200541	5.25300137694386	6.412175781758077	4.749879954987743	4.847663631610031	4.531377180448552	9.147830195548584	5.805474456286273	3.999700644405923	6.383288743405742	2.9694070629174685	1.8313113435613577	5.189599374268988	10.47468629876159	4.154035483798582	4.884806247481533	6.891615206647547	3.0054638349934435	6.022353142158811	4.38781572563407	3.8867286079365972	2.609805104722568	8.523937152693057	3.9847039041973367	7.606863960698374	4.3474427212326905	6.901155698219434	4.9926369704112314	2.9628586985620142	3.5308472216616242	2.440916035510572	5.5501559662363675	10.705171444499074	3.1945434278545677	3.8499512842584322	6.785647597996314	9.309477169619912	9.711025185671067	3.9186662146657367	3.338684106325618	4.187332439340645	6.225253693398302	4.549291676062444	6.044360049803149	4.420292723454939	9.791427686755117	3.142057480140398	6.1424149327129935	5.924938292429948	4.502576113766949	9.766349286727445	2.6136871463581715	7.636083947537452	2.042587526459358	4.058056298178822	3.872803003890491	5.806282650130124	5.030760205668952	7.36342387792149	5.1238183860912985	6.599391716330088	8.573748172394776	1.8412669766296639	9.164866118060901	4.2836185035851	4.890311104706338	5.516380736877077	2.8208666247059555	4.115059619741158	3.3160805778141498	4.6453545083999686	6.221413654875695	5.296116890841328	5.871916846263991	4.664129476974613	11.451056918379862	7.591501184534198	3.1788329694739783	8.333480117900981	10.068485644590101	6.501517901663284	7.565741669139548	5.242918072597476	7.508758645147567	5.789496302317458	4.31908067569853	10.84616927517948	2.050724187478111	4.900683072577847	4.8477881063642085	5.541065206947798	4.010497280649561	2.9960272523881923	3.103303698112911	4.254101502277077	7.210777267371794	1.7166416502089565	8.046506958277162	3.4418234048491767	3.9391830631108458	2.7520131672693533	5.581934745746368	6.615454737693253	4.16784178015575	9.87148274097502	3.8865499481403223	2.9998347008346387	4.978679654601471	1.9702064846412477	5.762165820808409	1.5137019408697012	2.089513616982485	1.9845848418916283	2.3081343879854725	4.635094116202372	3.8952012587604816	8.473304483119094	4.827281783505194	4.871294151453289	4.663366385997946	4.844526692559627	4.553966744216109	4.404997555703833	7.47620542171505	3.8796855005300546	7.32231995778249	2.9325265043349926	1.0619152957905325	3.7466799493166314	5.273904891084063	3.536942159559249	5.4822893154991466	3.3860198352607394	4.982332887621889	5.7957163007214545	4.020503078715957	3.676209437884151	2.9600761840370238	7.879701334106247	6.031431452725954	4.649934394820499	9.385100837880174	4.512304951992258	9.327213776709547	4.839140750834366	6.248856736727548	0.6090486895094125	4.906028161404074	7.170761348823692	7.506037211838167	2.994423981098332	3.7385305735741516	3.2491584212565456	3.123356464088829	11.548835935055505	5.465166036461	6.7973872367033925	7.2223039491803736	5.312494206262976	1.8832977237271926	5.286609510778556	8.289709371652524	0.5177986422822674	5.073460867605096	4.325976267371634	5.038078333876719	5.7718388704962	5.718462798022814	2.483533810726213	3.71498544938802	4.997487576298654	4.524620576938359	13.386261114922888	5.866303520109266	9.587361158330216	3.5174947241376198	3.0517260260377803	3.7951407827009467	5.241899965645815	5.5479923974636	5.941392380976315	9.297328313292486	6.286185721896384	4.638646151509637	2.8967908825159934	3.0952873914597063	6.874825379529199	4.860614692146948	3.9426837992268458	3.1261051746920305	3.4537499439810397	4.948079524548191	7.104266745321529	3.3189399672892104	3.5440841577270064	4.9891134232855	3.3150546905274147	4.873783143443241	4.04208358606609	6.445962549148941	4.683540643236473	4.425974560966049	4.6175678237091935	4.984953726850556	3.948049099132274	5.91901523490472	6.2337247025279465	7.31069189194308	4.248448921719256	7.034571308370758	5.833547558933222	4.757370575056064	4.108070733351088	4.1555686787552855	3.0509319638768626	6.256215804905373	3.233344566804027	9.985301523772304	4.946211453123176	3.148925599693604	3.8785879007335855	2.1064474065544965	5.8247331013064905	6.698134872329252	7.817880577878036	7.670191031843778	4.933098925672369	3.975719701290103	0.9891684181879576	4.739981738708855	4.27486161274731	3.3259789081401183	10.075418746228612	4.863202280296041	4.121662219741949	2.67731919979979	5.345425293426294	5.293960923339166	4.183042696760246	2.9035034576067558	10.713062163561151	3.99001601773264	6.0892693403854254	4.558761249945944	2.1758386291419787	7.623509582089816	3.9346226992140525	7.857854732694597	7.650310558925666	6.244295637323844	4.003719864657167	2.989915198107301	6.423436413181467	4.833826572915031	3.7824672878490873	4.191871342877603	3.8228567271414486	4.1006768968758704	4.240753554730848	7.552103723911351	3.520553455359424	3.642769028923565	5.539643962650851	3.94155839895654	4.669783414945425	7.367788991923522	6.728830030575294	5.297194255253275	6.0229811037850745	4.213940249436074	1.587874354268284	4.558671352692709	2.9192279873834996	8.044536718821517	1.9581727251870336	4.610228470412142	7.563918067031554	5.007111294381804	8.132978181912684	2.3584075985671746	5.672388487414309	5.239776170139627	5.726981788457095	5.003905704768956	2.932525373390748	4.27211549939717	3.4232352787126215	8.358194213553562	5.752482038687705	3.0146058497742816	3.563278994207907	6.262399632388232	3.8304915859869055	2.4542457939518045	5.5423866053577395	2.9481773485898723	2.9641289326887095	3.729657430006722	6.677044063645311	5.048743346250075	7.6174952263951115	3.642298158275775	4.648419169719672	3.8891064461710445	10.08963645082616	3.96899447831439	7.083214087861042	1.6834612579256654	4.050635900383255	5.200722450059789	6.264466817574527	6.058858360134242	4.4071749495303605	4.002636397863647	7.819801940691375	4.880270291951202	2.771276802077281	4.5500122418861775	4.968481664310149	4.607794158400721	10.036585592820199	2.297074605743926	7.531957688341134	7.918256737302652	7.99027645439929	5.747697052916228	6.4556108302430335	5.618642955105744	7.670304946519306	6.028375559318287	4.133243830718981	6.085235937878874	5.442554177840405	6.608864292533595	5.196021752560924	4.399068150444871	11.610046270674939	2.2787467764799443	5.693353949932518	5.897681451919697	11.28168045288145	2.468984134162478	3.5177872097558742	6.822659938588677	4.573585662863934	7.583477843551588	5.405794399954799	6.7687018527208105	5.562929223672309	5.990786620407397	8.931459054141941	6.1104771156499655	6.01445264541184	4.7997198976862	1.9329899038576306	1.9572583010557858	6.429225584011267	4.8592534000369465	5.074868879668706	5.929357631609088	5.536494948067772	1.9915658961732015	1.1311428792285385	5.347480465963336	5.074154320521044	3.2039823353278023	5.951901123139107	4.590742175591652	4.646862128204284	4.583176848385781	5.338845268124645	2.572287722960694	3.9563837853538253	5.87606143856732	2.9625902825684243	5.84076191664867	2.669480503848606	3.035258677554913	6.028462861579173	6.560468742942062	6.47871766328107	6.346519364732459	3.7110434518716167	6.132530406160743	5.312165457270807	5.340903556104419	9.84023448113208	4.751447820426926	4.81296778228177	3.9202912488317976	3.0389996496567284	1.60301063249705	5.011025297460436	4.513692550063713	3.9939408645278234	3.701770278352395	3.892710119098841	7.6722522852280015	9.173241863841099	3.50461166272787	6.299225324137468	1.9554522620520953	5.065961226481205	8.159413661688138	2.5700548475058596	7.493615887139539	4.0890835430335954	5.347824931903819	2.650226588850762	3.022157350230313	2.8251475718726193	6.162914562142953	5.34362015956848	7.958590964958683	5.40506601682709	1.9612076532939267	3.2006727860127646	7.869677644726343	4.505995022243044	2.840147108057105	5.108458100465944	5.862754564985446	6.779464691621758	8.211206606214706	3.9385959232429006	3.0325875162557963	4.2788439385157115	2.5208025420649665	2.8739642858181234	5.72963355201878	7.790887822245981	5.623180648117154	9.167815856869243	5.202879890869464	2.9160787345953754	6.176154471850834	3.6551083722881383	3.8649837059876764	1.877570010195723	5.0482249575611045	0.0	5.311368579833259	6.483845466104083	2.3173996204247667	2.377573238660739	5.536921977255885	4.5982664619936795	7.575145221962012	4.838264588490639	3.0023379581777876	2.1184599838211735	8.752443359464609	5.796541310298733	5.718571259368351	4.191970645217249	6.889935055603525	2.003031623201514	3.209060175953277	2.9257962209453274	4.203982945701507	3.9451202917177546	3.9061670899754186	5.2031262891632375	4.583563592700291	3.962922632096775	9.208567005507268	2.527462144444194	5.293532904422704	8.714092091568643	2.8748683303390714	3.5463397682916793	3.0854020415336474	1.5446355464848396	6.309230438859674	3.242227042799034	3.029977935713721	4.712363143337365	5.990251876809797	5.998842509479481	5.896643133690664	5.584004283918543	3.8883722957728803	4.02310484360248	5.506943875876678	4.947880995987557	4.951115561557888	2.349671705524956	4.697501467154075	4.940036072380537	7.704691634934325	1.4073216321816246	3.9824600256450946	11.624177106736512	8.51878216780306	4.411788441546312	4.534002034624727	2.0754301316757005	7.4589654007447095	5.1969883842842854	8.994274755347307	2.0513018683333057	1.9676033096106371	11.388891231180091	5.171148105175549	6.461183596071915	6.792306193091072	4.534221411843613	6.124767108756557	3.968328862136977	3.931137122986162	4.4329924838513275	5.32661493684345	2.619055758785669	3.849949731172448	7.154505161234297	6.4108178375791445	6.746542292860049	3.663441164754099	6.8039462413041285	2.97628065009574	8.174130964182908	6.868950174121186	3.696079664758894	4.894088740247022	2.780903094114989	3.90523169431908	5.9963878079927	4.8606846929657355	4.564969162836887	8.175537082934731	6.522161416516694	10.073677149925917	1.8769526739248288	7.119852662957911	5.046274789123968	5.301677492195015	5.019138638309555	9.831063346321052	5.893967791185555	2.1160908423007045	1.9868646956195057	9.595790778845753	2.7461991824238656	4.5581522627004	4.744667490860788	3.3793008366560824	5.833790486879619	2.8441834289867183	5.475665034963724	7.199761190704254	4.384187706464688	3.018878352733935	9.726883666519603	13.374409084585091	4.968163141410971	4.203271926720035	5.4059667691134115	5.8913535581648855	3.918284150135869	5.933674527345797	3.9707188877374957	4.0712826677468685	3.29498395718347	4.7838463938491165	7.815343209051141	4.148523469355817	3.7151731640612606	5.692038588351229	3.430042665673074	7.917315343606189	5.905372992715605	5.255877583111323	6.135295044743533	2.957468343162439	5.279263618794504	5.783299681538878	4.249700780433261	5.889199302154288	4.808825303161598	2.8505533483275465	3.115073824296479	8.154438874495847	8.608304223017743	5.2715795238390495	3.4892357306632142	7.454069824898626	3.780062721729885	1.983488071267528	4.032559915695489	8.127946479431555	6.054759134604064	4.621169659585534	3.2906315406319897	6.824709120557933	6.595563747983743	3.8723863692558185	3.2879130589250116	4.5735631262859	4.153921780145897	2.869099048859006	3.699188455646566	3.2439402026383357	5.854130123705815	5.777351261431969	3.223003227146057	3.34347574610292	2.8659507610014967	1.8365519052262103	7.587461339439826	3.9243413429738156	5.2560915798310734	3.5176528299075835	3.2262392704560345	4.012167518042853	4.737261597515311	8.80441364066503	6.179124992384639	5.301440824557296	8.356490412715313	5.6091678573837225	8.643291214068237	2.9736806698069636	3.762998566677367	2.8921685854449586	5.872983685619443	8.669172353664697	4.391215229019953	5.352522044234314	1.986627596864313	4.480496108207377	3.9914513693652967	4.3602535093393975	4.609636406764702	3.7553868309330953	3.9962568920544217	3.8856633663542475	5.967787650081309	4.263548615365686	2.9859865036703312	3.0827834633276363	6.0262795044690165	7.691660217817628	7.715214159709808	3.863612089907949	5.581125330317044	6.429153556467546	1.8762931548130604	3.9994634654072794	3.9262547583163703	5.522967191599692	0.5452084338161077	6.4520907919536565	10.197937617532864	2.763618084953116	3.0231747674163802	4.523645106440406	10.893078383354384	4.797950052405764	7.986394081798384	10.960043775657681	6.6371496584984	5.975322749307762	6.7897892428078075	2.109910954772397	5.476806282545364	6.653526662484462	6.029575635529606	3.3952802406342486	2.22856960723482	4.625800855847553	3.463786647720262	4.207427952530246	4.71741715202875	3.9343830153673696	8.829988809257904	9.476474436349053	5.5101075807641235	8.122682533890028	4.720316298984678	6.847656701324445	3.2626937366854225	4.6556898909630196	5.699771720471672	2.8816278526090584	4.291605228587218	2.5409108888501653	3.9627980742124045	4.839575308320756	3.9958342902042503	1.0138861027314532	8.168330441635826	5.871485341657204	5.660020850575124	4.459269570462479	5.539022803551172	5.620575386908623	3.8212867153358356	3.779456183768256	3.261695237224375	2.950700455494287	7.335085701632027	3.719116661605338	4.185760667998084	4.30658800729444	4.070994048007762	2.507115714762538	5.454543387789835	8.098978449707813	9.776037701564047	3.307310901633119	6.07578798589144	4.899412392608533	6.065796625878903	2.1023596655436627	5.529903326018229	3.223364798272053	2.6050516331759574	6.848842756926175	2.724445043642725	7.917252928149953	5.982904699657786	4.915175165235243	1.5089892615093767	6.908038621300994	6.923436250420528	6.486939436730453	2.3107110758929403	8.918379262443782	4.412597805043425	7.3149237819660256	2.9457989533575004	5.902991085229488	12.092172495914983	6.401061112846559	3.1348170623358773	3.8973870061866553	4.916963481995996	5.964368739100129	2.7829609998912903	6.512302742100446	1.6160778528928057	6.770327458508889	3.3169717637244296	1.964294537351314	2.926060082615113	4.367932008530307	3.9702147365061804	5.399450155189672	3.484801975592689	5.828556747367237	5.293525316025585	7.767370152771727	4.413646425794042	6.058095752391316	8.122294107521393	5.822664853765664	6.674047120559609	8.874246399961992	6.473931990814273	4.593866672889546	2.5113134056699287	4.188418942858786	5.015680725729784	4.246314464584553	8.840164507299752	5.958499401689012	6.854774021230479	9.241488392351883	4.197124077830681	7.07786195276307	3.8945452757867156	7.56424836444102	8.079254450267332	2.536090684070939	5.207109672908685	3.9423970822635233	3.202795808355274	4.082475247423927	4.671959128303585	5.820921471995063	7.510958476810368	3.4577491298101934	3.09597577226861	5.737100517354817	5.074513349389755	5.245531361321122	5.82871429665941	4.946274011402685	3.845909487352876	6.081738038635171	7.0836393810738105	4.779599435863015	5.315435542385811	6.376191224252284	2.8985900460416194	1.9053247146750933	5.934179161443056	2.9372945683346705	4.059958441219293	3.032154201398895	4.897752555716384	1.8581871564668595	4.340744536745229	4.8798667326290435	6.494489673370235	3.7959991166733515	4.849252460152701	4.867107625709202	3.999255792650294	0.9738872313347146	2.925110995360219	5.915924244870207	4.854196710737424	7.195024992443141	4.904146282309868	5.934257980922336	3.347796151739748	5.694478578157503	3.8939850564650005	8.655595376641735	5.2988704847616726	4.524782522640252	6.9379444617370165	2.6279616472747978	7.258648629026853	4.554056126582435	3.6430730004906278	5.646298665690948	6.008372228887737	5.251211896188504	2.6559945578240485	4.117629263230502	4.943573898425743	2.175725560893569	1.9911626782033733	2.8747525133558733	5.837049820592064	3.1323653875458843	3.762868121485153	4.921744957210568	4.8747640201239975	4.460528622413513	1.6489908720640916	6.856626284598355	2.327218748212924	4.7685020088074275	2.8940335349089703	1.946390638910677	5.260045046612746	9.637635724266568	8.700054507080157	3.630028898360259	6.230564515323412	4.674067943980586	4.450159870157232	4.050282645250461	0.9907444820521881	0.0	6.669034197050613	5.303104682330962	5.1183887067359475	5.942341102939301	4.505544738512347	3.212657664455158	3.9026041534927485	6.949551698931908	3.9732809001107134	8.464830300494633	3.071288964718555	5.594576672284199	4.1867201324961485	4.272164999157303	6.405552666739151	5.891205609420893	5.924862775983998	4.612846174213737	4.705667741454435	4.89703488985562	6.9179645636531895	1.7238947141118905	3.4880409886958716	5.857912038573506	2.0318464850513474	2.9395894995389527	7.178870826503472	2.4563685326348894	4.051247184341034	4.787705563959672	6.389948637629571	3.9460730029620357	3.248271334268789	8.11000347420309	4.071824591392536	5.527954638835946	5.626651026196116	6.971027592360719	8.348744589888353	3.963964161283599	7.225302323228266	6.459748880458733	6.142428606146077	5.179567793826099	8.555232966531948	4.281535156132909	3.866847260933578	4.949713762136227	10.971179655167669	7.63131581354557	8.388374131287442	3.0214485501602564	0.6488384666735234	5.359566118596677	4.963856831645376	3.5710514710963666	2.571496339526192	6.732663704810678	8.671741809505031	0.6584723853189521	2.244450137146934	2.4216140763044818	1.9676117027940188	6.98543311907449	4.167005829098548	3.8721297035807667	5.451275914007358	6.78776040481099	6.799849426938183	2.594347474475512	3.3190471955003193	5.024743634081319	0.8559746390179676	9.778830720051037	7.9123236116991755	3.776771755818496	7.092729503753265	2.221180596707997	8.581836462896073	5.088793538428076	1.6619826189244764	3.7920142037325575	9.347907254504813	6.987590856679138	5.146320519436453	4.539030160964824	4.868473964912118	3.327219881733493	4.907903611221911	2.838068532354498	3.4101048010169124	0.9775966424487084	1.710628644212732	1.0357052041526933	3.3559425273538777	8.550759696292955	3.890466259338668	1.7146859692183967	5.274815166082082	8.124646828147267	4.543827706878965	1.7605011634778527	4.507301151810568	7.901682716304474	4.162840372090252	4.587242836691393	7.827022204869774	3.898437494016418	2.9633686705604316	7.476608611181537	6.31251406822647	3.7849349801441288	1.9401434269725715	4.950704233712576	5.548690982764686	6.0025130500549135	5.665867434721719	7.014023988352388	7.859292972160066	3.4438949478989347	3.83787076440178	5.635877642978504	3.276450683067737	8.200416862174203	7.038834087579624	3.571499107665787	6.511977022515216	7.412299699382936	5.649258461118729	5.861145380822179	1.940112373382239	3.2891937919571688	3.0046189187775667	7.655215649940512	3.4219136938785986	4.5311960246198435	5.784341499424084	3.069312863850249	5.108557797647969	6.020677942924975	9.1785721350544	3.9564539405967114	7.2095800747665635	3.7393939153848548	11.79890989383085	4.789871043450551	5.049344364982615	7.523510512491056	6.285772414671733	6.65480184733145	3.6870743694851074	3.4408706386721137	8.044137496860545	6.422484798044712	3.8091507581956625	6.032241605694144	4.143407974372185	3.9466882041342206	8.976156526650305	4.986400856025348	3.97231325058753	4.867239208705007	9.182517848037465	6.336873343498055	6.743590163835387	11.06140410533641	6.019306160111509	6.7947896777354195	7.209460981359537	2.2206289127989676	9.476659492873354	4.697172741414154	6.480098287411716	3.6280723390726655	1.6177920751244022	5.874579759462402	3.203844594504409	3.6781109314691482	5.853172998822789	5.298147081531301	5.669725678146063	5.839735462607033	2.179039064347314	4.728926207557862	2.672921469785045	4.362207569960392	3.1366821754656145	4.015241432058528	3.9850981576240287	1.554702371941801	5.7745316471699795	0.9885686891499494	5.867237270721477	3.2476854440877228	1.925255248019814	8.955098395514415	2.001347582561535	5.879884406966693	6.716649511674349	2.682638724571829	7.798802299610878	7.611495785791864	4.88403274337721	3.528557385599466	4.659071583814213	7.481732297353671	1.7957129452760556	3.449257924033234	5.5802375659581775	3.7063426623115143	2.6759730055894853	9.099455097419963	4.937626012493398	5.283990982443626	3.646291079695258	6.515670111949638	7.354159324883663	8.931853116081887	8.554262092655506	4.3922938143482755	8.557268948471842	5.544075412714373	3.734704644204354	5.584304397366671	6.463198925168831	5.055027025525394	4.394768613787711	3.309851295123666	5.051837094637675	6.479773062062663	5.439368470722375	4.117907137101006	3.9206372132763647	4.709510157675972	3.677919851232552	0.7155268263859936	9.006032226029598	2.0270385623876384	3.4876185916677565	1.2059299702620012	10.168033000813942	6.5227724387764905	6.068964619710435	4.770388876798642	3.987565866531675	3.138103629614049	5.830555785458586	7.107641615252681	4.173529307367362	5.117224457322127	5.0554281252621625	4.70323232373018	2.6348864137085934	4.722380730940629	4.176130775950009	5.873900405979313	3.8880710539238477	3.7069277586323635	3.3554619056507398	2.9681704387519643	8.636786693790963	4.504864415581705	6.642139131874357	3.6445362461249053	4.176798324064087	9.274386258666514	2.3704541103439944	3.0487106967495166	1.6512440286736805	5.071674762660904	4.537112025071462	5.669925534896453	3.6672201112545477	8.525640846923677	4.076423955159928	2.937727317408194	3.2512267741435084	2.0251599800469147	5.605383104329369	4.382060584079116	6.827674818707794	5.768797624227379	3.1800498397037473	9.639857020357779	6.598886591917776	7.767232092864199	3.6318241621028617	4.751389237344401	2.9873193679486865	4.108708394648488	8.565344123424518	2.8776392909871604	6.058126836838942	2.0508254649037965	7.450502528919319	2.2641695077398505	5.549803389659417	6.740110880461027	4.753017922314865	3.8895444049754038	3.300522483625027	4.652174271235594	4.536330373378189	6.283179607206649	2.966040418656657	4.549032032691661	4.656107818093372	4.946558518716733	10.119481230011571	5.724201829960699	5.062389524004958	4.356795526049345	2.369035278009193	7.0803362977009785	5.8423725165462566	11.29848186205775	2.0181787242109768	4.271251272476206	5.73232397210702	8.248792797514422	3.5597503410542246	4.5463480607097875	8.962433421718135	2.7146236322623274	6.834870375644371	7.594792732298545	4.686427153201908	6.14210508912604	6.539191484204385	3.8003703131496644	10.952335056670364	4.9391405397948045	4.411930346973984	7.284115326136863	5.86607122257032	5.905674659035984	3.9845057112928277	4.534044537147742	9.694461381476549	6.732488041390434	4.473116150689852	2.0732145974363094	4.745625014260007	3.970741328762368	6.137305028135484	8.650404002840782	5.1705983240720945	0.9865195984575819	3.2499900693746064	5.07046831612828	5.004674274064963	6.6245245850046945	2.448773817924687	7.117965265382768	5.617118679419587	4.595762649708744	4.1262935360992765	2.9564453518916727	3.9168964714417727	2.412245542366269	4.988688801706696	6.419901124642903	3.146702840909588	4.078935512731645	0.8046280684750929	3.2937961067789385	4.333964457125434	3.082607959499736	8.29372488557515	2.9890264930812287	5.314580177989064	6.25044367786126	5.432663037291083	7.2197420764133025	3.219210323872107	5.602738453331626	3.9444851733992685	4.56145731389779	7.791323383587632	6.6906821166885635	5.956074046354537	7.857197951353043	8.996698870152372	4.84054546157782	8.190737773677899	2.7010091308927597	6.126038191373807	10.127814673397378	4.60247851480277	6.449924982281338	6.61728140166789	7.651160787838546	9.544288736017247	5.832148850759355	4.185229970947672	8.916837476589189	1.996871799279361	5.939467279897835	2.6728206919069524	3.906347895394569	5.899073716911324	6.298847147755434	3.2967463526663185	7.516437011347209	6.687544237823576	3.9979676556376442	4.9764566813816025	5.236542699742479	5.898993487340682	2.3040614067121457	3.657245116859306	6.490133853031171	2.656935005960203	6.0976609250965295	1.990992314642438	7.602311278736614	7.061865014449807	0.9838208867352467	8.04298733893673	5.521764598665783	5.023454520048642	7.900588302441245	3.676437248093188	2.7531283491757472	2.973740352561961	4.691631694556124	2.8603704605021276	7.875178635149904	4.775112752560247	7.743189278037966	4.651202376978166	4.986601086526074	8.403524000957555	4.934708907223154	4.435751625867045	2.273271962211823	5.834635745298637	4.541726188515061	3.246734581435836	4.857916571732414	3.956863192840456	7.0213254187243175	6.106971984788879	3.830620958087714	4.883652082432978	6.431778470749377	2.8030667360549626	5.1695872530248055	4.584348919049316	4.21167608704399	10.716144702944755	2.9889765772763814	2.0390429364837734	4.040348298100148	4.012027028316129	2.930756738381558	7.012548487697469	7.886543688294451	6.320379703111218	6.472744523751179	2.3768917566138845	2.5011783662647358	10.090237641090471	4.695906138869039	5.721929981653035	5.579989698654488	4.828503223814137	5.192386807571161	2.740644396172736	2.5205798547901788	4.02856937123524	5.966614014858999	6.633835920848313	2.905314270615278	3.882775004378085	8.888043820834362	3.5369814157248776	3.681693759894741	3.9544495861576543	4.5004799429018965	4.876654901162186	7.711486064437967	5.995103465789978	5.064921472683553	4.862427638706459	6.440746353145207	6.019399159250345	1.9493132528020227	2.8378099591924753	8.891346592246352	4.963683836246776	4.130981111212436	2.381263213400954	1.5308773616401625	6.4844630522676034	8.934775744132182	6.0005851356683175	3.027044876220568	4.591725981173632	5.731079169347757	6.852194484473166	4.720018861620927	3.784264815963072	6.787089451145461	6.696061924968111	3.883458514623449	6.825842442693534	3.346474113200896	7.234880341460678	3.027004981089394	5.465348209002492	4.805132242775839	4.744149996655448	6.8104110663471085	6.4095376948568905	8.806126984448687	4.718348003426581	2.936245711593819	1.7905773774701979	7.749667158284698	7.5098311174778525	4.0045674024505145	6.710309296618699	6.446565480385905	1.5169985217853499	3.5572623978595446	6.440351928523595	5.938661089699008	2.7330523623053216	2.2347505418300484	2.9288493263835385	7.903426898522344	2.7289948456142348	1.986003884538382	4.554251364724822	3.773202468843635	6.252340166515971	3.2070531955561137	5.440943827680798	3.592875796634354	11.930411600670567	5.904380845494003	2.778733700714478	4.350367135524819	7.794659292348378	5.352488029595691	3.8903551030432273	8.344484736115053	4.8840298446956725	4.205519588596845	2.746463551179617	3.4126915857400015	4.698022592922101	4.623821892988666	6.372915222974144	6.99920118305122	5.120527929243469	6.9917137426702824	7.647179941179474	3.5843658434504415	6.85645060656666	2.9530051022242856	2.684985307739205	4.938589523553373	4.787939423177864	4.412070352548243	5.990922277108549	5.091370345644836	4.292701763618341	1.9663734722821666	7.576708811668937	6.788753998701403	4.018851202034185	2.6446821873119415	1.4609731097346905	4.873549044837439	1.3408923555143604	4.400981143894214	6.578786876073559	4.850245920893816	3.0644964107443076	6.722650572884723	4.992903313841458	5.719644804524662	4.5709359115624375	5.507241944910051	2.689133415945853	8.617417396602212	2.7642470481378814	2.275359899595737	2.612487059540619	6.468259539666223	7.746475730302052	5.717910253108438	0.9695551810108805	2.5252604960000555	2.086869439348646	0.7452457830268566	9.770402454559218	4.915982563238315	7.778432434530119	6.605504253005609	4.233375984031429	6.805826145175406	6.527674294617944	5.630706568332133	3.121572274078573	6.63577816523326	6.383652017276671	2.2445650692953056	5.976749162126502	3.2914315794644446	1.7650165531300352	4.896221263400182	5.186290627189554	7.286587303029962	0.0	4.05465017485936	3.8704838280525777	4.563411614984502	5.307098336008756	2.7590088337156877	3.6066564141408195	3.6718887966677136	2.556157585755146	8.57889758960975	6.918266957083552	4.985449399942814	0.9910774743578078	5.23534580814268	2.689107836347522	6.720918263672814	1.6962914639316065	3.9545094006684667	6.944200860030311	6.243863123680444	5.590732462259906	1.9367395735311757	2.9365130390537693	5.065881019662248	3.4018721608705835	4.920015516000189	4.81974785764006	2.21887002998695	2.8720837835284523	1.0210668064543267	8.000449965936516	4.533286601493553	11.874975654616886	5.415399528650529	4.6880520596013735	3.9260529273726354	6.941566860717789	6.8294766966588805	5.022607769159959	3.782225295353901	3.959240991340222	5.92272222233166	5.307550243375596	4.223660738964159	3.200848057566024	4.677659439570659	3.9504942044689564	5.679549769277087	6.086240617467003	4.963633593523343	2.5936884471763038	3.934350852223197	4.186258453830806	10.618943106869304	8.730767292518888	5.075173017332979	2.489803446988102	5.901060520522679	3.770135525297778	3.9876585894218963	3.8765941434513325	3.354048044827439	7.5092219772085524	2.1092300350947717	6.801342282132422	6.2467631350397275	3.7945183141728576	4.4096961535343935	8.20549497537721	3.6714424784395834	3.916247147467674	0.0	6.515178970031374	1.5914468831740316	5.778622811629131	5.2399888460079005	4.11483873738966	5.246800924520259	8.877664819850164	3.1789990859452697	6.779333381500762	3.555049311739211	7.054878315786712	4.536698492520509	2.023223780286855	4.1266982076684355	3.782854733433508	4.102763461841164	2.592723559265495	4.903762936033989	4.879363072026974	5.742539450375162	4.796468592805477	3.780282517995093	3.9372905689203677	8.085276854478451	5.536802447007279	6.1347126453738055	7.831804057483423	1.5106266517180842	4.765370633869667	6.246044910984907	5.8562620476669895	5.960130209245856	3.267293562045869	5.833922892123748	3.3131160974063394	4.046078120964945	5.5948986894064525	3.987014455497616	2.9208620061551285	2.8652875866751817	3.210167299971679	2.647000836873048	3.1146382932216117	5.7697481085399085	1.8920874230901095	4.980345176241946	4.528097482118775	8.58312997898516	6.552049615318885	5.844607285281324	7.381058643666327	2.421522020157249	6.4571861206385375	5.783048387717195	8.268117327974904	6.886559428275698	5.5928846658723055	6.197128958104742	5.896850509458524	4.152052529906431	6.284230226483115	6.345856051496395	4.575459637197843	8.695787188637889	5.565194725051837	4.27151834694715	2.881284392051206	4.72653695151322	5.698056910409619	7.407340625797149	5.700074032671006	7.4126379627851735	3.17558871096707	5.00126930531317	5.337765882041771	4.538394380222173	3.268722567781173	6.905102720681758	3.015239296197068	4.22271636447209	9.732443316246279	5.969684800021666	4.813731379728273	4.650552538778016	2.770705011977242	5.613007194091559	8.74509337306943	6.021683318995995	3.6797253142545423	4.162692406169434	4.832464096021908	4.248262082182977	8.614540224597768	5.264235245018956	5.489038771108511	8.005358165509403	5.0107484211183815	6.614869138129881	5.004054310060737	4.851642532513896	2.6918302511924987	4.095855045522103	3.867336294715799	5.688687257807648	5.4201926839107255	5.148434583641482	4.928522270829962	3.0896022415254216	3.6618864220013196	4.397137004622163	4.236141721874736	5.117560834020699	5.004684621269784	5.998601234944498	8.277266081205983	3.923373172381755	7.621291439285923	5.699966355676019	5.290807885054021	3.939650084269033	8.814784579955491	4.171152309993564	6.273184761677893	3.3074474396015847	9.68251371626056	1.9655009821017717	5.89585125340612	10.552258152768905	3.90140620968751	3.398196493586331	11.929791754146224	3.0564137313065793	4.607735646249107	5.481459298534249	1.959834365881107	8.308776635662108	1.5104467017515695	2.6102894038794324	4.8438868355692115	6.335375963471874	6.363260118171953	5.966550381507448	3.2494585875716453	7.866384644102724	4.739586968122988	5.541887964200928	3.303061913519334	6.224515969183243	3.201462161404877	6.367397078304259	5.259482009406906	2.053273848400043	6.309525272612479	6.271431781654868	4.010783359711131	8.977187636707729	3.9002359638505384	7.28141474341011	3.898055951035012	5.613743045825372	3.513316727805196	5.356208729550001	3.3043981015142943	5.1517624953528935	6.060111370393969	3.643257199163856	4.943365217425598	6.829430924040884	4.216542614863193	1.6540639561115809	6.470959956703733	4.120426617162762	9.62988104020181	8.431992232335276	6.7642970678179415	4.149227852516993	8.78413559197392	6.984857246652378	4.284479302893115	5.189942450439768	3.8280385808669775	4.8964379376526965	5.425061224378424	4.30699645310973	4.95598173188307	4.064663094397437	6.749829528153828	5.744031692581711	6.807305342560616	5.042414467305311	4.8980770892701715	8.523631455560029	6.844809352899143	5.832388020404962	4.299791362116286	5.704512591778661	6.06455459093711	5.3564609638320375	3.4718369607127717	2.5897318096249475	8.791964287553665	3.36798943458305	6.8221344746055275	5.020543289058442	3.1235388551555445	3.3051226069650133	3.1306442810259103	3.0830691569259447	4.975923820724183	3.4900563951516395	4.957485670517001	6.169009134633795	4.89937512570736	6.145427524647672	3.885346752817633	8.321738679383685	5.516137805610447	2.8035300325964068	7.412587535580218	5.392689928608211	5.8539614292277875	5.707946537973934	6.307662585130699	6.677330123235436	5.144833302594144	2.2106481459168013	5.498744134674778	5.863403413700699	4.996292195673122	0.9954792459721705	6.474929494924175	5.240524776011364	5.2648452411009155	6.493149626948417	2.9778180437052852	5.435391232634132	4.819786160104716	6.0563165513022215	4.1900757075182	2.3575398182543377	5.932469770032408	3.8987315927952024	4.937992694348584	6.8128898456473	3.739970138119146	2.7148909230729035	3.5792305359500673	4.467592487641815	8.130808394997286	6.040658490095272	3.9138188069288167	6.635679571245189	2.569917019299596	1.797064173841004	6.880417722566276	12.289987225575663	0.6322061230270212	3.229073336607322	5.023132330154686	5.887390617087115	4.127375992523498	3.4289279052864003	4.56698442279725	5.846423892407196	3.5206916980462983	2.9291642528839037	5.19940046745492	5.32232399856891	6.204429083420007	8.466930860679597	4.980597304142504	3.217955143809685	6.554481300720794	3.886777707852518	6.047230259576866	5.697331616919438	3.883040440954866	5.015861885163398	8.884718870740116	2.485257532263472	2.5123131971743082	2.0629902584284383	6.760766318559463	7.623300512053873	7.14894231168944	8.745280108766671	4.858597444611742	5.521409817711016	5.3441125044786775	5.274299497764334	4.716703010851276	4.53667639156829	3.373668410911639	1.5669686763912611	6.509186620147153	3.7081656200473088	3.5536706153083837	4.292669948518294	6.130726328881681	3.9395337722337804	3.866651838369939	8.903836227713748	6.89844146799434	4.168001338293492	6.95774793976172	8.691756572345065	9.061951005610688	0.7336247426896962	2.9342797926860653	6.039643451208602	7.75640749184352	2.287874071776294	10.092177737460057	2.5923629438145355	2.496246461003051	1.644726208333443	3.887464854221056	6.235632435360897	9.829857912467483	4.783940690636949	4.744224186141988	6.302646368142989	2.7408670539764612	2.874979414536911	3.7319389223301584	8.139953865778917	5.08730207327687	5.378081603436266	2.659210430524313	6.067131835545495	5.610795017388624	5.718192718520807	9.828079679896188	6.921501004457112	3.21735999438037	8.5232198096755	5.762903160191532	5.7324458463363	3.757337191817737	3.611551775258934	5.796971137273081	5.809793197747921	8.752843340130607	6.382712928628657	3.774201263725963	3.9213373032287744	8.278947881748389	5.914414888057835	4.1014230529378315	3.2382933074341507	4.8483897663623	2.8830292052615274	2.919964920226808	5.000820486460772	6.9330079101513515	7.531718221180976	2.656419827677662	1.6313066536363583	4.5324847819612035	5.294316315696833	2.5949266962185757	6.698716921560794	4.988126379180486	7.39668640065265	5.863362266843779	4.166272699197195	4.990451260634261	6.81881511087653	4.166953042652376	7.8637712994291	5.727964701747132	6.697260803678802	3.392251543456089	12.573739258954623	4.600509487025363	1.8456364702833459	3.998581442551885	2.914363767759166	5.637783725267862	4.877156473018999	5.875774117300107	4.665967341470532	7.832001905706555	4.923022501747311	9.763819982488847	2.2637870693119906	6.7838536987464995	3.9225038474230267	3.810522666206212	3.777497625083578	5.134622620578539	4.183037351267351	3.958869675854801	2.928417742399733	7.803336441319406	4.89957908189738	4.433655592916313	5.865438631269402	8.921907115023819	2.7429824648071537	2.6080482788909385	2.560113867570352	8.664002674154505	8.893337048829379	2.93078601939964	5.973364476961872	5.382512886848458	6.41436128742219	4.3055430476306595	1.7346077721634099	5.958200961943089	3.2185282257788193	7.247553622958761	7.5609900389303695	2.1507514224410342	5.722352907732272	4.825241181521417	2.749168131504216	2.9667475277610844	5.300231701138612	5.449150723171743	3.17308634549142	6.693606933357154	4.602216283481238	10.584791660396709	3.3694670463493144	4.8391596229322005	6.880526555247252	5.15225173613781	6.779093431486246	3.2865002450188125	3.312695035013838	8.929885434904737	7.053815037220989	4.590812434190064	3.6365075744937028	4.771906641466863	4.98449383224909	4.177841504859159	4.9705065263576	5.466124586044959	7.138327236849193	5.6661418241523	4.3229257879556675	4.81700235340479	6.666585644453324	6.090016388072649	6.562131442937948	2.578058415617209	6.433043359008541	3.8712154888110923	6.493214568720277	3.7075224798177744	4.518053604756225	6.829876634623809	4.910677075292309	4.56838840412764	4.678220974934761	5.798856179504661	4.033132788039506	4.998069920994613	4.488158092022501	6.853220902214942	3.213599168891737	8.397139174496829	1.7073372668903413	4.03453261289579	2.958535520831019	4.965862192961392	7.760409864641601	7.113831279615525	3.7436345904029324	9.565877191233588	3.1171245587968137	5.914966237364798	7.39029516659438	5.806284712298833	3.0433325573825196	5.145261616610964	4.376727503305362	5.384321385812459	10.859489948803295	7.784527500566982	7.773177741499086	6.539818561500276	7.21253444935833	0.0	4.221809100580271	3.8754266701296216	6.563514510390271	4.995555084989335	3.544382900770219	3.962934264826086	5.210276577709786	6.887570458758848	6.056324360016295	3.9729624717792995	4.140592937983307	3.2990112182647127	2.5804584673174804	5.905842755940383	5.643953440658081	3.6852955908318257	7.8000320558641265	5.031520270336867	5.391612812076844	3.8650398819374976	6.788830737089251	3.8936128412798547	3.365266713528506	4.750677893403521	5.813831355940126	5.8687481544029145	3.6898729607834775	7.009417053871834	2.8687310498018386	3.0498866952270998	7.801906850973005	3.001097715045321	2.3113143407765446	6.939602378263455	6.736994607534225	2.9401460360991387	4.440927198263264	6.226221228741308	6.87225414681707	5.006204390542164	3.9357800926613127	4.015837559899719	3.9692076275246864	4.35108101507091	2.9988043895012977	9.50178327547208	7.85759466363594	5.822913062477763	4.048367539449219	5.689460402815126	5.608385350404583	6.866374440408439	4.883107592625225	6.586943851696708	4.913510257422068	7.681195164443599	5.234199914950303	2.6459029345371694	3.21481859640635	4.962075948120479	3.2732529531378964	2.5477711291776064	7.754114669900206	5.237495233226085	7.835710965919114	5.7796563128291885	6.776531132933811	4.827172483859137	4.902139880514793	4.684668263546572	3.3465371484615405	4.968339352778011	5.699670864963601	4.90764796126557	3.9527152206337837	4.993504525950748	7.085513971529544	3.9671315031154792	5.333801174801733	3.8314639762885774	3.5105631205957613	4.7103846721691225	11.306517554707046	3.2380291225540145	4.2186301738686645	4.7794277642196334	2.028235912980504	6.840715791541376	5.790156600224765	3.8475696232451413	7.206795708919051	4.189471902676512	3.0365431091379484	6.055718914488502	6.411091626374752	5.069224757375435	3.148671616560954	3.8183018517031786	3.839027890018631	5.9421184026846126	5.54831482353076	8.99621861729279	6.334614599383893	6.8078639419255875	6.4236774052475925	3.9430521877969276	4.16161090201259	6.103758206044183	5.085900073484253	6.980487521541003	4.449171395040826	4.011709012815572	3.995215805129165	4.434918545052287	6.254027663237137	8.748018550336164	2.143908791432377	4.929186238138248	2.8849732511673882	5.777894454803695	4.563591570076135	6.094284351404725	5.322622694801867	5.701466441536129	2.940445843539108	7.897934441853501	4.796465611201606	5.912264934225803	7.880320055093374	3.0523518753150425	6.222966410005248	3.187615158426633	6.009174353866167	5.1402805241550915	6.224904404548955	4.07779627665739	3.3485875211894105	4.53375977745223	3.9869609685008034	5.3873138107743594	4.819683606538818	6.931079336725944	5.746587483507595	5.80761533094389	3.3319722046652713	4.047756454336648	3.503331838629171	2.9482473422023947	3.1244412251852367
G3	5.068677246650616	9.121751594048158	4.931944570924529	7.8483287422108745	1.9433658483351859	2.2016527544477253	3.9421963496695107	3.8208093556536804	7.548768369207808	6.0551762666085756	5.4010840946068175	5.136314361398843	2.6234928865307605	5.298487211761558	4.88820011196905	4.2934636562664075	4.2471324159314605	5.346206090563688	7.723739679136236	6.728776267906245	4.402766987190842	8.343085705893023	4.741299987597844	6.098970848071337	7.161897499079466	5.74187299638223	9.954501638552886	5.891252305147843	2.0195592186053606	3.9471731573112	5.175494756159327	4.2849666096703025	6.1970716393061345	7.850096467865953	10.820655344914485	6.063648398278561	2.5309936630823335	2.50477958554328	4.206925112263847	3.5315962900906586	3.6492436690482966	3.061984340684997	3.4240069188357056	6.832204280035956	5.939783095627754	4.334501740026797	2.2334257726252265	4.985981891727745	7.095065923797318	4.316243922081631	3.7460452415984706	3.2100686295172585	2.7899460093935273	3.8915205124999286	2.8805394667026762	6.806027345747819	11.896023660405252	6.112833949834518	4.0998777465481036	4.941997265139771	4.519389132468948	2.9951567887244153	3.045016126312504	3.2665218637003	4.373306316449611	3.8658072443953873	5.126969321041249	3.9538725673556683	4.8338359462142035	1.537528777361198	3.8257230255519032	4.68372520639822	3.295200325615874	2.3507425907128967	6.101223006715507	4.794011588194555	4.922700108291035	3.66447228188901	4.323324454353211	5.299778167864647	5.015776016672551	3.5685407574081665	2.7271896877186284	4.714639021888263	1.0107766240369924	8.31718772788694	4.396944618372755	6.030929846706012	6.802851448762352	4.948464315580606	6.695140730895171	5.311172117067158	6.89370569909486	3.8836387580838374	6.327041326407237	6.531983084117643	3.7979852598906443	3.3078802137000465	1.7533222689939232	5.768027865943406	5.746603076326475	3.126590419854312	4.403896569557616	5.4235192471541405	6.323234369245188	6.439666447128208	6.40106223405587	2.807269702736313	7.527448311599772	3.9860637092249003	5.200785186512548	7.967541587775824	9.174343851639462	3.8463727020564056	5.839452724267284	4.513121801326847	6.097995702296362	3.924533894943894	3.5651710251162196	5.764769602027652	2.2089686940878064	4.132759001059663	7.696666677851718	8.219106079684563	10.435616191555093	8.428499102498549	4.150870809065746	8.614200741358923	6.087300471806658	6.236803811857118	5.9358200438445206	4.865893845667119	2.199560359614713	5.856830391249664	3.8618582219754396	4.781794988718821	4.0993308305746865	5.566128324204371	3.028631964161975	3.8185936955405806	11.01960215729018	4.792674606640869	5.988850464815347	6.764535217454388	4.884488121752431	2.891002972939267	7.815290094763423	6.681253410241063	1.0584072940745504	5.376777113709648	5.536285837428638	3.9070183881969944	4.452988817244226	4.502574336321766	5.9472866486779985	2.3813888581871936	3.9358608334174883	3.8230847239463173	5.900245463928544	1.9384956154989847	5.628572387671413	4.885812031861042	5.473427736330025	4.848655711480304	4.706623950657946	3.638691875713414	3.795006317174071	9.26579322911799	2.917985681523593	6.01540883264109	6.267901749296569	6.2526122388944465	8.071770817680651	3.8557261235766256	3.9117585943991235	4.350957995616491	5.821406488554016	2.137508975275445	6.392114261474188	4.930898640280828	3.612478996635693	3.938564397406171	10.069002492692412	5.062494617550111	2.0165437302138436	5.504886028309543	1.9741472926303576	7.577816141226607	4.295720489696316	4.838320657393809	4.620303933589659	4.859878696070855	3.474899318168188	6.7705136447723815	4.966230242445686	7.084617050872863	6.738991496759832	3.5933528644475614	3.719041696413836	7.445876223049762	6.672471957591958	4.281620857648319	3.9535449356608985	7.603062578947364	3.3511579531264974	4.89700312519506	2.4788840510515757	3.942595789178227	4.555217658025165	5.146414319613279	2.905153275103318	5.92786292847319	3.459454857533741	2.9969063689308775	6.7877149910186345	6.680239637459719	5.5018442298946795	6.018251096835483	6.799800674427048	2.952925757327944	2.9630197733316668	4.741187113980085	4.112167734185918	4.790184113028159	5.318817801899352	3.4155030668829327	3.7227719989352424	6.76607265082019	3.1518008261663164	5.129740625406462	4.749879954987743	4.847663631610031	7.552295300747587	4.8788427709592455	3.2252635868257076	2.9997754833044423	3.191644371702871	3.9592094172232914	4.273059801643168	6.672342052631555	3.0807900878710557	2.5962721773741135	5.9703187469218735	3.938065832370027	4.508195752490165	8.02980418954508	5.4847696570425875	3.8867286079365972	2.0878440837780543	3.729222504303212	5.312938538929782	7.606863960698374	7.970311655593266	3.450577849109717	2.995582182246739	6.666432071764532	5.044067459516606	6.10229008877643	5.5501559662363675	2.919592212136111	7.986358569636419	7.6999025685168645	5.2777259095526885	4.654738584809956	5.82661511140264	2.9389996609993023	4.451578808434157	2.990951742386175	5.533558838576268	5.199190486928507	3.0221800249015747	4.972829313886807	2.937428306026535	3.142057480140398	6.1424149327129935	7.899917723239931	9.005152227533898	3.005030549762291	3.920530719537257	10.499615427863997	4.595821934533556	8.79245531272078	7.745606007780982	2.903141325065062	8.803830359920665	5.727107460605604	5.764295684352711	5.774467751788827	5.00135310056362	4.296289612135882	7.49852682386801	8.5672370071702	9.169333321324384	4.513402421081245	7.052166561764889	5.878656599630226	8.290201444535375	2.0646020037333197	4.354989558412987	4.119202026209922	4.893264038553325	3.997825265978239	3.5784552869937065	4.830955299249035	4.238443959298637	3.846221592877376	2.8767101841686005	9.752276852494926	5.296019168397684	7.573103882640798	8.343065161275074	5.789496302317458	4.31908067569853	3.828059744180993	5.639491515564805	7.35102460886677	4.8477881063642085	2.770532603473899	2.8646409147496867	2.9960272523881923	2.5860864150940923	4.254101502277077	4.80718484491453	3.433283300417913	4.332734515995394	6.023190958486059	2.9543872973331347	6.604831601446448	3.7212898304975783	5.880404211282891	3.6468615576362815	7.239087343381681	3.8865499481403223	2.399867760667711	1.9914718618405884	2.9553097269618713	6.914598984970092	3.531971195362636	2.611892021228106	4.961462104729071	3.462201581978209	4.055707351677075	7.0113622657688675	3.0261801725425332	9.654563567010388	4.059411792877741	7.328147177996773	3.8756213540477016	3.7949722868467575	5.506246944629791	4.9841369478100335	6.466142500883424	11.390275489883873	3.9100353391133233	3.1857458873715974	7.493359898633263	5.9331430024695715	3.536942159559249	8.615026067212945	4.514693113680986	4.982332887621889	2.8978581503607272	5.62870431020234	4.288911010864843	2.9600761840370238	5.014355394431248	3.8381836517346977	8.52487972383758	7.2193083368309034	5.640381189990323	2.1524339484714337	8.710453351501858	9.720443812687297	4.263340826565887	2.9436168968424443	3.9837563049020512	5.254226048286717	3.99256530813111	7.477061147148303	3.7906848247993032	4.164475285451772	6.599334820031718	4.250684695025223	3.884221278116224	3.009293312158489	5.312494206262976	5.649893171181578	4.531379580667333	7.014369468321366	3.1067918536936046	1.268365216901274	4.325976267371634	2.5190391669383594	1.73155166114886	3.1769237766793412	1.8626503580446598	1.85749272469401	3.997990061038923	3.016413717958906	3.149708497628915	3.6664397000682913	3.1957870527767387	4.5224932167483685	2.4413808208302243	5.96379265853006	4.586662469940088	1.8493307991545334	5.347253142878683	8.452116648447715	9.429278582844576	6.626637359299482	6.759178725870652	7.428689739503295	4.296765862205749	2.430307346073474	1.3142279330756153	4.168140232922707	5.756249906635066	4.948079524548191	9.472355660428704	3.8720966285040785	2.025190947272575	2.2173837436824444	3.867563805615317	4.873783143443241	4.715764183743771	3.515979572263059	8.698004051724878	4.425974560966049	4.6175678237091935	3.9879629814804445	2.9610368243492053	1.9730050783015731	3.8960779390799662	3.65534594597154	4.248448921719256	4.689714205580506	6.481719509925801	3.568027931292048	5.751299026691523	1.5583382545332323	2.5424433032307188	3.4756754471696514	6.466689133608054	2.995590457131691	4.946211453123176	3.148925599693604	4.4326718865526695	5.792730368024865	2.9123665506532452	3.349067436164626	7.107164161707305	5.113460687895852	10.852817636479212	5.963579551935155	1.9783368363759153	6.517474890724676	6.1069451610675864	8.647545161164308	11.75465520393338	4.863202280296041	3.6064544422742055	3.7482468797197055	2.672712646713147	3.0251205276223807	6.27456404514037	3.484204149128107	2.9758506009892085	3.99001601773264	5.412683858120378	7.163767678486483	4.895636915569453	9.148211498507779	4.7215472390568625	7.072069259425137	10.710434782495932	2.497718254929538	7.506974746232187	7.175796475457522	4.087641353842752	4.833826572915031	5.043289717132116	4.191871342877603	3.8228567271414486	3.0755076726569026	8.481507109461695	3.7760518619556755	3.520553455359424	6.071281714872608	6.924554953313564	7.094805118121772	3.1131889432969504	3.3489949963288734	2.883784298817983	5.297194255253275	2.007660367928358	4.213940249436074	4.763623062804852	5.318449911474827	7.784607966355999	7.2400830469393656	6.853604538154618	6.146971293882857	9.454897583789442	5.63300020617953	8.132978181912684	6.289086929512466	5.672388487414309	7.485394528770896	6.999644408114227	3.502733993338269	3.910033831187664	6.408173249095755	3.4232352787126215	8.358194213553562	8.628723058031557	5.275560237104992	4.751038658943877	10.176399402630876	7.113770088261396	3.681368690927707	8.709464665562162	5.896354697179745	1.9760859551258065	5.967451888010754	4.006226438187187	4.543869011625068	6.093996181116089	2.0813132333004427	3.0989461131464475	4.666927735405253	6.486194861245388	8.930237576207377	2.951339203275434	6.172691279060773	6.075953850574882	6.356438550073077	4.555975867326929	6.924409554439134	4.4071749495303605	3.502306848130691	5.864851455518531	6.100337864939003	3.879787522908193	6.825018362829266	6.624642219080199	11.519485396001803	5.352845649504106	6.125532281983803	6.025566150672907	4.399031520723696	5.593193518079503	3.2843983159521306	5.868737118402757	3.064714339148588	5.965792736181683	6.028375559318287	4.133243830718981	5.071029948232395	4.081915633380304	7.34318254725955	6.680599396149759	3.142191536032051	9.122179212673165	4.557493552959889	5.060759066606683	6.880628360572979	5.264784211344677	4.320722234784336	4.020328239720999	2.9239971165380045	5.880324423682201	5.515256613492064	2.3167690285520566	3.3843509263604052	4.450343378937847	4.659500704761309	3.9075133361870993	3.8190481972812287	4.677907613098098	2.8798319386117197	3.865979807715261	3.9145166021115716	2.922375265459667	6.074066750046183	5.074868879668706	6.917583903543936	5.536494948067772	1.9915658961732015	3.3934286376856155	3.743236326174335	2.0296617282084175	4.271976447103736	5.951901123139107	4.590742175591652	4.646862128204284	2.0369674881714586	5.338845268124645	7.716863168882082	1.9781918926769126	4.1132430069971235	0.0	3.8938412777657803	3.7372727053880483	3.035258677554913	6.782020719276569	1.4578819428760137	8.098397079101337	2.5386077458929837	5.195460832620263	6.132530406160743	7.588807796101153	4.2727228448835355	3.0277644557329477	6.533240753087023	1.9251871129127076	5.880436873247697	1.5194998248283642	1.0686737549980332	7.238147651887297	6.448132214376733	6.656568107546372	3.172945952873482	3.2439250992490343	1.9180630713070004	7.50537970677908	2.5032940448056213	9.4488379862062	2.9331783930781428	1.2664903066203013	8.159413661688138	7.067650830641113	4.371275934164731	6.133625314550394	5.347824931903819	5.830498495471676	7.857609110598815	8.475442715617858	7.532451131508054	4.809258143611632	5.684707832113345	6.080699268930475	2.94181147994089	1.6003363930063823	1.9674194111815857	3.2185678730307457	5.112264794502789	6.811277467287924	5.862754564985446	5.272916982372478	0.7464733278377005	1.9692979616214503	3.5380187689650957	6.112634197879588	6.302006355162416	4.7899404763635385	3.183129751121544	9.522196227189532	3.5144879050732216	6.667502441359449	5.202879890869464	2.9160787345953754	3.088077235925417	3.6551083722881383	8.69621333847227	8.761993380913372	7.211749939373006	5.9223010789304835	5.311368579833259	9.077383652545716	4.634799240849533	7.7271130256474025	9.228203295426473	5.620103453547831	6.197846090696192	3.870611670792511	7.005455235748172	3.1776899757317607	2.9174811198215362	6.323499611234982	5.0037498519473065	4.191970645217249	6.889935055603525	5.007579058003785	2.6742168132943975	2.9257962209453274	5.405120930187652	10.257312758466162	2.929625317481564	5.2031262891632375	3.055709061800194	5.944383948145163	2.5114273651383456	4.549431859999549	5.955224517475541	4.357046045784322	5.749736660678143	4.137396396340293	4.628103062300471	5.406224412696939	7.571076526631608	6.484454085598068	4.0399705809516275	5.385557878099846	5.990251876809797	5.998842509479481	3.752409266894059	2.7920021419592715	6.80465151760254	4.525992949052791	4.405555100701343	4.947880995987557	5.7763014884842026	4.699343411049912	3.3553581908243397	9.17435270584957	6.741605180567534	6.332947344817311	3.9824600256450946	6.642386918135149	4.25939108390153	7.352980735910521	6.801003051937091	8.301720526702802	5.424702109632515	9.651549856527959	5.723629389766469	1.3675345788888706	5.902809928831911	7.321430077187202	2.5855740525877744	2.5844734384287658	6.792306193091072	5.289924980484216	5.61436984969351	8.730323496701349	8.517463766470017	8.232700327152465	0.7609449909776357	7.857167276357006	5.13326630822993	6.558296397798106	4.808113378184358	5.903224506252543	4.884588219672132	8.164735489564954	0.9920935500319132	3.7155140746285946	3.9251143852121064	3.696079664758894	6.85172423634583	3.8932643317609847	0.97630792357977	3.997591871995133	5.400760769961929	4.564969162836887	5.659987211262506	3.511933070432066	5.876311670790118	2.502603565233105	5.537663182300597	5.046274789123968	5.301677492195015	5.019138638309555	2.9493190038963157	3.214891522464848	4.232181684601409	0.9934323478097529	6.854136270604109	3.8446788553934117	4.5581522627004	6.778096415515412	2.703440669324866	5.833790486879619	2.275346743189375	5.475665034963724	4.581666212266343	1.8789375884848665	3.5220247448562576	4.8634418332598015	7.867299461520642	3.312108760940647	2.802181284480023	3.243580061468047	9.818922596941476	5.877426225203804	5.933674527345797	5.294291850316661	4.5801930012152265	4.942475935775205	4.7838463938491165	7.815343209051141	5.704219770364249	5.30739023437323	5.692038588351229	2.744034132538459	4.872194057603808	5.905372992715605	5.255877583111323	5.521765540269179	2.957468343162439	1.508361033941287	3.6802816155247404	4.856800891923727	2.1415270189651956	5.87745314830862	4.560885357324074	5.1917897071607975	6.523551099596679	7.173586852514785	5.2715795238390495	3.4892357306632142	2.236220947469588	3.780062721729885	3.966976142535056	5.6455838819736845	2.955616901611475	3.632855480762438	3.0807797730570226	4.387508720842653	4.963424814951225	6.595563747983743	5.163181825674425	8.21978264731253	7.187027769877843	6.9232029669098285	5.738198097718012	3.699188455646566	3.892728243166003	3.902753415803877	3.8515675076213127	4.297337636194743	5.01521361915438	2.8659507610014967	6.121839684087368	6.069969071551861	5.606201918534023	6.424111930904646	4.522696495595465	4.839358905684052	5.617034525259994	2.7070066271516064	5.602808680423201	5.055647721041978	6.058789513779766	3.4818710052980473	5.099243506712475	4.654079884498281	5.352625205652535	8.780329988913856	4.820280975741598	5.220429942772838	8.669172353664697	1.6467057108824825	2.9736233579079525	6.9531965890250955	7.040779598611593	9.579483286476712	3.815221820671973	6.3382500593014655	5.007182441244127	0.0	10.879857425791894	7.957050200108413	7.918018857107702	4.976644172783885	2.466226770662109	5.272994566410389	3.204858424090678	6.172171327767846	3.090889671926359	3.551625210201755	2.143051185489182	5.628879464439182	4.9993293317591	5.889382137474556	3.866077034119784	4.361667470528862	3.5193222501565398	5.948796943560837	2.2108944679624924	6.802143226686856	4.0210178723914725	0.9902798530322167	5.483371488463731	3.6301791280901745	5.901562033046444	4.9778622438738	5.228407405644291	6.7897892428078075	5.274777386930992	8.606409872571286	4.9901449968633464	2.6798113935687136	4.7533923368879485	5.199995750214581	5.9474582432325676	5.195679971580393	3.6814994584639646	9.4348343040575	2.950787261525527	6.622491606943427	2.369118609087263	4.959096822687711	9.599533903688215	4.720316298984678	5.869420029706667	3.915232484022507	1.0345977535473379	2.849885860235836	2.8816278526090584	6.437407842880828	2.5409108888501653	3.302331728510337	5.530943209509436	2.9968757176531877	2.534715256828633	5.198028462859162	1.957161780552401	7.075026063218905	7.432115950770799	3.6926818690341148	4.918003463545046	8.916335669116949	5.669184275652383	4.077119046530469	5.901400910988574	5.3346077830051115	3.187814281376004	4.185760667998084	4.30658800729444	4.070994048007762	5.64101035821571	5.454543387789835	7.289080604737032	9.776037701564047	3.858529385238639	4.556840989418579	4.899412392608533	7.582245782348629	2.1023596655436627	4.423922660814584	3.760592264650729	5.861366174645904	4.28052672307886	5.44889008728545	5.937939696112465	5.3846142296920085	2.7306528695751346	6.035957046037507	4.934313300929281	4.615624166947018	7.29780686632176	4.621422151785881	0.9909310291604203	3.8610230794129965	4.876615854644017	7.855463875620002	5.902991085229488	3.2245793322439957	5.120848890277247	4.702225593503816	1.9486935030933277	4.916963481995996	4.771494991280104	6.261662249755403	4.144192654063921	0.0	9.671896369298413	4.146214704655537	1.964294537351314	7.8028268869736355	4.367932008530307	5.95532210475927	4.0495876163922535	4.646402634123585	5.828556747367237	3.0248716091574774	5.825527614578795	7.3560773763234035	3.5338891888949346	5.414862738347596	2.117332674096605	7.50830301062956	7.395205333301661	7.1213251898957	4.593866672889546	5.022626811339857	3.664866575001438	5.642640816446008	2.1231572322922765	5.051522575599859	3.724062126055632	4.896267158021771	2.8435348899544253	7.869607645932526	5.505003741037943	10.709999508413468	5.04283224296068	9.695105340320797	3.550526957699315	4.165687738326948	3.9423970822635233	5.60489266462173	5.248896746687906	2.919974455189741	4.850767893329219	5.841856593074731	6.915498259620387	3.09597577226861	8.195857881935451	4.228761124491462	9.179679882311964	2.914357148329705	3.957019209122148	3.845909487352876	4.9759674861560494	11.018994592781482	11.948998589657538	9.966441641973395	3.542328457917935	5.797180092083239	5.080865905800249	2.637412960641358	4.699671309335473	3.0449688309144696	5.306269852448066	1.9591010222865535	4.955165750578292	2.7129653354657677	0.9759733465258087	4.870867255027676	3.7959991166733515	2.9095514760916203	10.707636776560243	3.999255792650294	0.9738872313347146	4.875184992267031	7.8878989931602765	4.045163925614521	5.232745449049557	6.1301828528873346	6.527683779014569	4.686914612435647	3.5590491113484397	0.9734962641162501	7.9342957619215895	5.9612292953568815	7.35277159929041	4.625296307824677	7.883884941824394	7.258648629026853	3.984799110759631	1.8215365002453139	5.018932147280843	6.675969143208596	6.001385024215434	3.718392380953668	5.661740236941942	4.394287909711772	2.175725560893569	2.98674401730506	5.749505026711747	7.782733094122753	11.746370203297067	6.773162618673275	3.937395965768454	4.8747640201239975	2.7878303890084455	6.046299864235002	5.485301027678684	8.727070305798465	2.3842510044037137	6.945680483781529	5.839171916732031	4.602539415786153	6.746345006986598	3.480021802832063	3.630028898360259	4.361395160726388	6.2320905919741145	6.357371243081761	6.075423967875692	5.9444668923131285	8.761093107808357	4.0014205182303675	6.818277448711236	2.9247935467062556	8.913511654408952	3.504312574398492	3.7481006085310176	5.853906230239122	2.527109708702512	5.95992135016607	6.1562402185415515	4.606933447077832	1.3986441680710497	8.373440264992297	5.492783570345104	3.2027763333695756	8.033462194664853	3.770367221080726	2.3064230871068685	4.033429492675229	4.89703488985562	3.4589822818265947	1.7238947141118905	2.9067008239132264	3.905274692382337	5.079616212628369	3.9194526660519373	4.568372344138573	3.684552798952334	6.58327667455418	3.723770994190856	5.2281397944241945	3.9460730029620357	4.547579867976304	7.4341698513528325	5.429099455190048	4.020330646426142	4.603623566887732	0.9958610846229599	5.009246753933012	2.9729731209626995	4.014056846237925	5.7419990048522065	5.459936538796513	6.9060903917681316	6.999736063526139	7.706763281039237	6.766982706633761	0.9899427524272455	7.052901206893501	9.157578976254685	8.388374131287442	3.6257382601923074	1.2976769333470468	3.3497288241229235	0.9927713663290751	4.08120168125299	8.357363103460123	5.386130963848542	7.3376276849657955	5.267779082551617	6.1722378771540685	4.8432281526089636	1.9676117027940188	4.656955412716327	6.667209326557676	3.8721297035807667	5.451275914007358	4.525173603207326	6.044310601722829	2.07547797958041	4.148808994375399	5.024743634081319	7.7037717511617085	6.286391177175666	3.9561618058495878	1.5107087023273984	8.668891615698435	2.221180596707997	2.860612154298691	2.9078820219589008	9.971895713546859	3.7920142037325575	8.498097504095284	5.08188425940301	6.616697810704012	7.565050268274707	4.057061637426765	4.990829822600239	1.8404638542082168	6.811364477650796	3.4101048010169124	3.9103865697948335	5.1318859326381965	2.5892630103817336	7.383073560178532	5.878647291201407	3.890466259338668	6.858743876873587	2.260635071178035	6.647438313938673	7.57304617813161	4.694669769274274	5.008112390900631	7.111514444674026	5.352223335544609	2.2936214183456967	3.913511102434887	3.898437494016418	2.9633686705604316	8.30734290131282	5.523449809698161	8.200692456978945	7.760573707890286	2.9704225402275455	6.781733423379061	5.252198918798049	4.957634005381504	0.5845019990293657	5.501505080512047	6.026816158823135	3.83787076440178	5.635877642978504	3.9317408196812846	2.186777829913121	4.223300452547774	2.976249256388156	4.007370475393979	6.588710843895943	2.4211107690508835	1.9537151269407262	8.730505680220075	4.933790687935753	3.60554270253308	9.356374683260626	3.4219136938785986	3.775996687183203	6.748398415994764	4.603969295775374	5.619413577412766	7.35860637468608	2.5032469459239275	4.747744728716054	3.932498222599944	8.22666661384668	6.292751943376453	1.9159484173802206	5.890901759146384	5.9113296883858295	6.984191571857481	3.8027439127608287	4.740524189337996	6.308262837565542	6.894974997309039	7.2252953978003	3.8091507581956625	4.691743471095445	5.52454396582958	1.9733441020671103	2.448042689086447	4.986400856025348	2.9792349379406478	4.867239208705007	5.0086460989295265	8.449164457997407	3.8534800936202216	11.06140410533641	7.739107920143369	4.529859785156947	9.372299275767398	3.3309433691984514	3.9486081220305644	4.697172741414154	4.860073715558787	4.146368387511617	5.931904275456141	7.832773012616536	3.844613513405291	4.203555350250455	4.788959726309554	5.960415466722713	3.0925776426251255	5.839735462607033	2.7237988304341423	6.305234943410483	6.014073307016352	5.816276759947191	6.273364350931229	4.015241432058528	5.9776472364360425	5.182341239806004	5.7745316471699795	4.942843445749747	3.3527070118408435	4.546759621722812	2.887882872029721	1.99002186566987	4.503032060763454	0.9799807344944488	7.556230700633644	3.219166469486195	1.9497005749027194	7.611495785791864	11.39607640121349	3.0244777590852565	6.212095445085618	2.992692918941468	1.1971419635173703	6.323639527394263	5.5802375659581775	5.930148259698424	6.020939262576342	4.85304271862398	3.52687572320957	2.641995491221813	6.684866979441306	5.212536089559711	6.618743392395297	2.9772843720272957	6.998941712172687	3.1373527245344826	5.445534785391173	4.312058654333401	2.134116939545345	6.825260930114819	3.2315994625844153	6.318783781906743	4.944114690511175	6.068060707726721	2.5259185473188377	7.199747846736293	3.8852631933731248	6.176860705651509	5.880955819914547	9.419020315351943	3.0649332093604604	5.724214611087949	5.00335123668311	6.0811156871629155	10.46285577500327	4.823719881048005	3.389344333604648	6.5227724387764905	6.82758519717424	3.4074206262847446	4.984457333164594	7.8452590740351225	12.632870868493603	5.923034679377234	6.67764689178778	3.582057120125489	7.583142187893244	5.487104377685211	7.90465924112578	3.1482538206270863	3.1320980819625066	6.608137956726727	5.832106580885772	4.324749051737757	3.3554619056507398	1.9787802925013096	4.798214829883868	2.002161962480758	3.690077295485754	5.2064803516070075	2.0883991620320437	8.431260235151376	6.321210960917319	7.621776741873791	4.403317409796482	4.057339810128723	9.830409387654834	8.099893621280646	3.0560167593787897	8.525640846923677	7.3375631192878705	5.875454634816388	3.2512267741435084	2.0251599800469147	3.114101724627427	3.834303011069226	2.926146350874769	4.486842596621295	2.120033226469165	9.639857020357779	5.774025767928054	1.9418080232160497	4.3581889945234344	5.4301591283936	2.389855494358949	3.5951198453174276	6.424008092568388	2.8776392909871604	3.634876102103365	2.0508254649037965	7.450502528919319	2.8302118846748128	6.342632445325049	2.9956048357604566	4.158890682025507	2.917158303731553	2.750435403020856	2.326087135617797	2.835206483361368	11.780961763512467	2.966040418656657	5.117661036778119	2.9100673863083575	6.925181926203426	10.119481230011571	7.155252287450874	4.499901799115518	8.71359105209869	2.369035278009193	2.72320626834653	4.08966076158238	4.236930698271656	2.522723405263721	5.339064090595258	4.585859177685617	7.498902543194929	4.068286104061971	2.841467537943617	4.4812167108590675	2.171698905809862	1.7087175939110928	1.518958546459709	4.686427153201908	6.756315598038643	6.539191484204385	6.080592501039463	6.258477175240208	4.9391405397948045	5.147252071469648	1.6186922946970808	5.86607122257032	7.67737705674678	3.9845057112928277	6.8010668057216135	2.5851897017270797	4.712741628973304	7.455193584483086	4.664732844231696	3.5592187606950056	6.617902214603946	2.7276911236157706	3.784551751242842	1.9389743715270356	5.919117590745492	5.849982124874291	5.07046831612828	4.00373941925197	5.520437154170579	6.121934544811719	4.745310176921845	2.246847471767835	5.908837692482671	2.5789334600620477	3.941927135855564	3.357339832664376	9.648982169465077	3.563349144076212	4.993256430277814	6.817856155304108	6.798225854552742	4.023140342375465	5.7641431868631425	7.945601504729963	1.541303979749868	7.0177672108712805	5.380247687546212	3.0369029588508933	4.687832758395945	5.432663037291083	3.3321886506522933	7.243223228712241	5.602738453331626	7.888970346798537	2.280728656948895	6.817407960639178	3.7170456203825353	11.912148092709074	3.9285989756765214	8.996698870152372	3.457532472555586	7.37166399631011	3.3762614136159494	5.513434372236426	6.076688804038427	2.876549071751731	5.016608319552152	7.444441576876376	5.73837059087891	6.362859157344832	4.6657190806074835	4.8827682994389505	9.659907266304955	5.9906153978380825	4.619585662142761	2.138256553525562	4.55740587796033	5.899073716911324	2.5195388591021737	4.945119528999478	4.783187189039133	6.687544237823576	5.140244128676971	4.9764566813816025	2.327352310996657	5.898993487340682	7.680204689040485	4.702172293104822	3.2450669265155856	3.188322007152243	5.487894832586876	2.986488471963657	5.528953657262992	5.492561677905405	3.935283546940987	4.825792403362038	3.5138501991509528	4.305818160041692	2.3701764907323737	4.201642569249358	7.708759377692092	4.956233920936601	6.255508926074832	5.720740921004255	5.906383976362428	5.570964877986954	2.903695979264237	10.852805546282386	3.989280869220859	6.722819200766044	6.168386134028942	4.990220579100426	3.97822593387069	3.8897571635324244	6.488180269307231	2.70561215119653	4.250677000265862	9.89215798210114	3.5106627093621587	5.343600486690269	3.830620958087714	2.7906583328188446	11.43427283688778	5.606133472109925	3.692562323589147	4.584348919049316	4.913622101551322	3.061755629412787	4.78236252364221	5.097607341209434	3.535304760837629	2.0060135141580644	7.033816172115738	8.287557303642464	2.957453883110419	4.740284777333414	4.315163015834119	7.130675269841654	3.0014140395176834	5.381460075248252	4.695906138869039	7.356767119268188	4.959990843248434	5.432066126790905	1.2980967018927903	4.9331599131109245	2.5205798547901788	8.728566971009686	4.7732912118872	4.221531949630744	2.905314270615278	7.76555000875617	4.937802122685757	3.5369814157248776	6.627048767810534	1.6947641083532803	9.000959885803793	4.876654901162186	6.854654279500415	5.328980858479981	2.170680631150094	8.752369749671624	4.508522447201645	4.0129327728335635	3.8986265056040454	3.972933942869465	5.471597902920832	3.3091225574978513	5.507974814949915	3.571894820101431	4.592632084920488	5.30546977003713	5.21195251741044	9.429490927478785	5.045074793700947	6.55960854453376	2.8655395846738787	3.114633856578712	4.045730452817938	3.784264815963072	1.5662514118027988	4.687243347477678	4.993018090230149	3.9004813958248765	10.039422339602687	6.678351084425241	9.081014943268181	2.342292089572497	4.805132242775839	4.1511312470735175	2.9187475998630465	6.4095376948568905	4.002784992931222	4.718348003426581	7.829988564250184	7.162309509880791	5.636121569661598	3.3377027188790453	8.810048285391131	9.226675282850712	4.834924110289429	4.550995565356049	3.049082055308181	7.611325006436975	2.969330544849504	4.919494252149579	6.704251625490145	1.9525662175890257	5.532398828965641	6.003788660351317	1.986003884538382	3.5421955058970838	5.390289241205193	3.1261700832579855	6.414106391112227	10.881887655361597	7.904326752595579	5.113033543144529	4.428285634120503	4.445973921143164	5.593329174246196	4.251632341280933	6.11712917668079	3.8903551030432273	4.768276992065744	2.9304179068174037	2.628449742873028	3.2957562614155402	4.550255447653336	3.132015061948067	2.889888683117916	3.4761355761677146	3.81774609984612	2.5602639646217344	6.9917137426702824	1.9117949852948686	3.0723135801003782	7.542095667223326	6.8903452385233335	6.041216942413211	3.8411251849859567	4.787939423177864	4.412070352548243	3.812405085432713	3.3942468970965574	1.0731754409045853	5.243662592752444	4.1327502609103295	3.7029567265644014	4.6886597357065485	3.1736186247743294	6.574378993806107	1.2183872612093598	5.3635694220574415	4.400981143894214	5.482322396727966	5.820295105072579	8.427365129546846	4.481767048589815	4.992903313841458	6.355160893916291	4.5709359115624375	6.608690333892062	5.378266831891706	9.479159136262433	2.211397638510305	2.275359899595737	3.6574818833568665	5.659727097207945	5.809856797726539	8.894527060390903	5.817331086065283	2.5252604960000555	4.695456238534453	5.961966264214853	3.9081609818236873	3.2773217088255433	5.83382432589759	4.804003093094988	4.233375984031429	4.8613043894110035	5.077080006925067	1.8769021894440445	4.162096365438098	2.949234740103671	6.383652017276671	3.9279888712667845	7.470936452658128	3.8400035093751854	4.70671080834676	10.491902707286105	4.667661564470599	5.605067156176894	6.695358427302006	4.05465017485936	3.225403190043815	4.563411614984502	7.58156905144108	2.7590088337156877	4.637129675323911	4.8958517288902845	1.278078792877573	1.0723621987012188	5.929943106071615	2.1366211714040633	6.9375423205046545	5.23534580814268	3.7647509708865305	3.7338434798182303	5.937020123760623	6.920391451169817	4.629467240020208	9.365794685520665	6.211924958066562	4.841848933827939	2.9365130390537693	2.532940509831124	3.4018721608705835	6.013352297333564	3.213165238426707	4.9924575674706375	9.573612611761508	5.105334032271633	5.600314976155562	2.014794045108246	9.648417719376221	6.189028032743462	2.3440260298006868	5.889079391058953	4.958262043369849	2.9269185842823773	5.022607769159959	6.303708825589835	5.938861487010333	1.9742407407772198	9.288212925907294	7.039434564940264	5.761526503618843	7.016489159355989	3.9504942044689564	3.7863665128513913	6.086240617467003	3.8606039060737114	6.74358996265839	5.901526278334796	6.69801352612929	2.450525332354455	5.372779872319315	4.511264904295982	4.979606893976204	4.917550433768899	5.026847367063704	4.98457323677737	4.522693167359888	7.546608100861738	9.177937972143786	4.218460070189543	1.943240652037835	8.589299310679625	3.7945183141728576	5.879594871379191	3.282197990150884	3.6714424784395834	2.9371853606007554	6.884172600397262	5.330600975480215	4.243858355130751	1.926207603876377	2.6199944230039502	6.858064562316101	3.935100693390194	11.298846134354754	4.238665447927026	6.779333381500762	2.962541093116009	7.69623088994914	6.048931323360679	2.69763170704914	7.663868099955667	5.944486009681227	4.615608894571309	5.833628008347364	3.9230103488271912	7.806980915243159	4.306904587781371	6.928232411830133	4.410329604327608	5.512206796488514	5.659693798134915	3.6912016313381857	1.1154022991588737	7.831804057483423	4.0283377379148915	7.6245930141914675	2.602518712910378	0.9760436746111649	2.980065104622928	7.188045836500911	3.889281928082499	3.3131160974063394	7.417809888435733	3.9963562067188945	4.98376806937202	4.868103343591881	3.8203834489002424	5.885306716614744	3.30875104609131	4.152851057628816	5.7697481085399085	3.153479038483516	1.9921380704967784	3.2343553443705533	4.681707261264632	3.2760248076594425	6.494008094757026	5.166741050566429	7.264566060471748	9.685779180957805	2.8915241938585976	4.960870396784943	3.9351768161575413	3.728589777248204	3.098564479052371	7.371063136823155	7.710954698397658	11.78293167465584	6.345856051496395	4.575459637197843	4.637753167273541	6.956493406314796	4.27151834694715	3.4575412704614474	11.225525259843897	2.442024390175551	2.6935784093807817	6.514370323052579	5.131826281928197	6.880442207095318	2.000507722125268	2.6688829410208856	6.051192506962898	4.358296757041564	6.905102720681758	2.261429472147801	5.278395455590112	7.299332487184709	5.4269861818378775	6.017164224660341	7.308011132365454	7.619438782937416	6.414865364676069	8.74509337306943	7.116534831540721	9.812600838012113	4.757362749907925	6.644638132030122	4.779294842455849	3.4458160898391075	2.924575136121642	5.489038771108511	4.803214899305642	5.0107484211183815	2.204956379376627	5.004054310060737	4.851642532513896	7.402533190779371	3.0718912841415773	5.801004442073699	3.982081080465354	3.794134878737508	7.436627731926586	6.023749442125509	5.664270776129939	3.6618864220013196	3.6642808371851356	7.625055099374525	3.98032509312721	4.003747697015827	8.72523815991927	6.772308611895805	4.904216465477194	7.076913479336928	7.9799528979464265	12.093275165837762	5.909475126403549	2.9382615266518304	5.735334426241152	3.1365923808389464	6.614894879203169	3.2275045720868536	5.896502946305315	2.94792562670306	6.029861801582231	5.201874946250014	2.265464329057554	7.157875052487735	5.603425174062062	6.335636513592522	3.045255165852361	3.919668731762214	10.574806627206318	3.020893403503139	1.9577170529095744	2.4219434177846058	4.927514638255902	7.158667632943447	10.441463167638034	5.1991337401146325	4.290755260419668	7.899311613538314	6.773418622912246	5.284899061630934	3.8903224807395267	3.201462161404877	5.306164231920215	4.675095119472806	2.053273848400043	6.309525272612479	6.271431781654868	5.347711146281508	2.5649107533450657	2.2287062650574505	4.85427649560674	8.770625889828777	5.613743045825372	3.513316727805196	8.416899432150002	3.855131118433343	5.1517624953528935	4.713419954750865	3.1227918849975906	6.179206521781999	5.853797934892187	9.135842332203584	3.8594825642603556	2.9413454348653327	4.709058991043157	6.419920693467873	6.74559378586822	4.682974893104729	6.520215196812417	3.9040602630995194	6.2863715219871406	2.4482738873674945	2.8833013613554273	5.468626544095682	7.344656906479045	2.411138321945966	6.768137283458147	4.95598173188307	6.387327719767401	9.642613611648326	2.6109234966280503	3.8898887671774944	1.5127243401915933	3.2653847261801143	5.114178873336017	4.355787770026727	1.9441293401349875	4.837265282380822	5.704512591778661	8.338762562538527	3.749522674682426	4.8605717449978805	2.5897318096249475	4.8844246041964805	6.7359788691661	5.306104591359855	5.020543289058442	7.496493252373307	3.966147128358016	4.6959664215388655	4.932910651081512	2.9855542924345095	3.4900563951516395	1.1016634823371114	2.2432760489577435	3.9195001005658883	7.374513029577207	1.9426733764088164	4.438260629004632	5.516137805610447	4.906177557043712	6.177156279650181	2.6963449643041053	6.829621667432418	4.892525603977657	3.1538312925653496	4.451553415490291	6.288129592059509	4.4212962918336025	4.398995307739823	2.9317017068503497	13.323445855128325	5.972875475833023	3.2374647474620875	5.240524776011364	5.2648452411009155	3.89588977616905	2.9778180437052852	1.6306173697902395	3.8558289280837728	3.633789930781333	9.218166556540039	2.3575398182543377	2.6965771681965487	1.9493657963976012	1.9751970777394336	5.298914324392344	4.363298494472337	5.429781846145807	8.590153286280161	3.9091434266865877	4.878485036998372	6.6447243391047985	1.9569094034644083	9.953519356867783	3.0839004231595153	5.3911925215230125	5.50433417805302	5.1747314634002795	3.1610306151351057	2.152715557738215	7.175903328792409	2.523167407323049	2.063687996261749	4.800499067400961	2.6097053844555718	8.35203413201028	7.041383396092597	5.858328505767807	4.549475409023055	3.8016599989777933	4.6533218125650055	2.3091629620035263	4.980597304142504	2.145303429206457	3.277240650360397	4.858472134815647	1.0994964108321574	6.409498069034368	3.883040440954866	2.1496550936414565	3.553887548296047	11.597868483896201	6.28078299293577	4.641728081463986	6.760766318559463	5.717475384040405	5.199230772137774	4.858488949314818	5.668363685380365	1.2269799594913369	3.3400703152991733	3.9557246233232504	3.5375272581384567	3.5285260823308917	2.0242010465469833	2.6116144606521017	8.950131602702335	2.9665324960378467	4.145949051193114	2.5756019691109766	8.583016860434354	0.9848834430584451	6.186642941391902	2.054731437164711	6.131947971550525	5.557335117724657	3.975855965578126	4.635603505250701	4.942882366696739	5.135373198827874	3.9123730569147535	2.7452924778220917	3.102562996737408	3.431811107664441	10.092177737460057	4.536635151675437	4.160410768338418	4.934178625000329	4.85933106777632	8.314176580481197	6.143661195292177	7.654305105019119	5.337252209409736	3.939153980089368	2.7408670539764612	7.666611772098429	4.975918563106878	5.919966447839213	5.08730207327687	3.3613010021476666	6.382105033258352	3.640279101327297	3.3664770104331745	5.146373446668726	5.8968478079377125	2.966357573338762	4.826039991570555	4.26160990483775	5.186612844172379	7.6432611284484	3.1311143265147807	3.095615807364801	9.661618562121802	4.841494331456601	5.835228893420404	5.584873812550075	1.617514827311127	8.496230823662344	2.4836843645245166	0.0	3.5887451713206024	3.2382933074341507	2.42419488318115	7.688077880697406	2.335971936181446	2.778233603589318	3.7331581054661123	4.519030932708586	10.625679310710648	4.0782666340908955	1.1331211954903009	4.76488468412715	4.151882713949721	4.871794124771487	3.7410947843853646	3.698343200326325	4.886135222369815	4.166272699197195	4.366644853054978	2.9223493332327988	2.6043456516577352	4.587199924666975	8.910167313828872	7.441400892976446	3.392251543456089	5.8677449875121575	6.325700544659874	6.767333724372269	3.998581442551885	4.857272946265276	7.248579075344394	5.8525877676228	8.079189411287647	4.665967341470532	3.012308425271752	6.153778127184139	6.276741417314259	6.791361207935972	12.06018435332711	10.786885580413323	6.9859582213780556	10.576993350234018	5.705136245087266	8.366074702534702	4.948587094818501	5.271151936319519	4.335186911844114	6.859410714656331	4.433655592916313	6.843011736480969	3.244329860008661	4.937368436652877	6.259315869338252	7.040313135818467	3.094286669340895	7.276366676314946	3.907714692532853	5.973364476961872	7.176683849131278	7.1270680971357665	6.1507757823295135	5.7820259072113664	8.5117156599187	7.724467741869166	3.6237768114793805	5.292693027251259	10.036839971391494	4.577882326185818	4.825241181521417	2.749168131504216	7.911326740696224	3.7101621907970284	7.492582244361147	4.23078179398856	7.7233926154121	6.328047389786702	8.142147431074392	5.054200569523972	7.863634387264826	8.846391285317896	8.37240907122394	5.810651512702497	2.191000163345875	6.073274230858703	3.9068248777708225	3.2062795623731772	4.590812434190064	5.4547613617405535	3.711482943363116	2.990696299349454	1.5666905643221847	3.1065665789734997	10.932249172089918	2.3794424122830646	6.295713137947	8.645851575911335	4.81700235340479	9.166555261123321	7.612520485090811	3.281065721468974	6.015469636440154	7.862608549899328	5.8068232332166385	7.142536025592305	4.325442893120736	3.953296904161697	4.878483310445578	6.001938647579489	3.9157614892522634	4.678220974934761	3.6901812051393295	4.839759345647407	1.1106822046654694	5.049177853525314	4.5688139348099615	4.820398753337606	8.397139174496829	2.8455621114839023	4.706954715045088	5.917071041662038	4.965862192961392	3.8802049323208005	3.9521284886752914	7.487269180805865	5.739526314740153	3.1171245587968137	5.914966237364798	6.569151259195005	1.9354282374329443	6.086665114765039	3.430174411073976	4.376727503305362	6.057361559039017	3.3413815227087067	3.892263750283491	1.195873498692167	2.3781158405455547	7.813578986804857	5.883218295001555	3.1663568254352032	2.906570002597216	6.563514510390271	3.1222219281183343	5.569744558353202	7.925868529652172	4.558992005496063	3.935754547862199	3.5328558766761717	3.310802059816083	3.3124743503866454	7.422775241095604	5.806031551464331	3.937228503960255	7.25651156656039	6.633532063497286	1.9500080139660316	4.52836824330318	3.8511520086263173	7.730079763874995	8.29745978977575	4.867016051599818	4.487022284704675	4.750677893403521	3.8758875706267504	6.602341673703279	6.8526212128836015	7.788241170968704	5.737462099603677	5.48979605140878	5.674114073434913	8.253018716374633	6.933943022329633	5.948230609940104	4.042196764520535	1.9600973573994258	6.661390797394897	6.848843351615439	4.908752962012193	9.178041382660634	2.9518350694959845	4.517817254887184	5.103266949674596	4.35108101507091	1.9992029263341984	7.918152729560067	6.044303587412261	1.9409710208259212	6.477388063118751	7.111825503518907	7.2107811648058915	4.9045531717203135	4.883107592625225	6.586943851696708	3.6851326930665516	1.3965809389897454	3.2713749468439395	2.6459029345371694	3.21481859640635	1.9848303792481914	7.09204806513211	6.114650710026256	5.427880268930144	5.7612447565486935	4.897319353699446	5.7796563128291885	3.127629753661759	6.436229978478849	4.902139880514793	4.099084730603251	3.9042933398717974	2.760188529321117	5.699670864963601	0.981529592253114	4.743258264760541	7.490256788926121	6.37696257437659	3.9671315031154792	6.095772771201981	0.547351996612654	2.5075450861398294	4.7103846721691225	7.268475570883101	2.428521841915511	4.921735202846775	2.86765665853178	5.4086291012813446	6.840715791541376	3.8601044001498432	5.496528033207344	3.8805823048025663	5.027366283211816	3.0365431091379484	3.3031194079028197	8.815250986265283	2.252988781055749	6.927077556434099	4.581962222043814	3.839027890018631	5.9421184026846126	5.54831482353076	3.7484244238719957	4.926922466187472	1.2377934439864704	4.817758053935694	5.257402917062571	2.378063372578623	4.883006564835346	9.324150134721132	9.307316695388005	7.229903516941342	8.023418025631145	0.9988039512822913	3.3261889087892156	6.87943042956085	7.776016489187701	4.287817582864754	2.816677850364713	8.654919753502163	7.703859273071593	4.0565258400676765	5.332498807479134	7.60374670685981	5.701466441536129	0.9801486145130359	3.9489672209267503	2.398232805600803	6.897642423263437	5.516224038565362	4.578527812972563	8.98872925889647	2.125076772284422	8.26261473656598	4.4977454586357055	6.916560449498839	4.893355531988868	6.697175042378821	4.53375977745223	4.651454463250937	6.060728037121154	4.819683606538818	4.620719557817296	7.9015577898229425	4.751685270772273	3.3319722046652713	4.047756454336648	4.90466457408084	4.7171957475238315	3.9055515314815454
G4	6.516870745693648	8.361605627877477	3.8359568884968556	3.9241643711054373	1.9433658483351859	2.7520659430596566	3.9421963496695107	4.457610914929294	3.774384184603904	7.26621151993029	4.725948582780965	2.5681571806994214	3.6728900411430647	3.7089410482330907	5.865840134362861	3.2200977421998056	2.1235662079657303	5.346206090563688	5.1491597860908245	4.893655467568178	3.852421113791987	6.067698695194926	6.5192874829470355	3.326711371675275	2.8647589996317864	5.74187299638223	3.7329381144573324	6.627658843291322	5.048898046513402	5.9207597359668	4.600439783252734	7.957795132244848	4.647803729479601	5.709161067538875	6.658864827639683	6.7373871091984014	6.5805835240140675	8.349265285144268	2.8046167415092316	6.356873322163185	5.734525765647323	5.103307234474995	8.217616605205693	3.904116731449118	2.969891547813877	7.585378045046895	5.02520798840676	4.985981891727745	7.095065923797318	0.7193739870136051	6.421791842740236	5.350114382528764	2.7899460093935273	2.7796575089285205	2.8805394667026762	6.049802085109173	7.697427074379869	3.056416974917259	3.5873930282295903	5.559746923282242	3.76615761039079	4.792250861959064	9.135048378937512	3.91982623644036	10.204381405049093	4.832259055494234	5.126969321041249	3.2948938061297235	4.0281966218451695	6.918879498125391	4.372254886345033	4.68372520639822	4.393600434154499	3.9179043178548274	5.54656636974137	4.109152789881047	2.9536200649746207	3.66447228188901	4.323324454353211	5.299778167864647	6.6877013555634015	2.548957683862976	4.363503500349805	7.857731703147105	5.559271432203458	6.804971777362042	5.025079563854577	6.70103316300668	5.952495017667058	3.9587714524644846	5.021355548171378	4.248937693653726	6.89370569909486	3.8836387580838374	6.327041326407237	8.164978855147053	9.115164623737545	4.631032299180065	5.25996680698177	7.049811836153052	8.209432966180678	5.471533234745046	6.605844854336423	5.4235192471541405	2.107744789748396	4.507766512989746	4.0006638962849195	6.175993346019888	3.763724155799886	0.9965159273062251	5.943754498871484	2.8455505670627943	9.174343851639462	3.8463727020564056	2.919726362133642	5.077262026492702	4.065330468197574	3.924533894943894	4.583791318006568	7.205962002534565	5.522421735219515	5.785862601483528	1.776153848735012	3.83558283718613	7.224657363384295	5.363590337953622	3.4590590075547882	5.168520444815353	1.8261901415419974	5.197336509880931	0.9893033406407534	7.785430153067391	4.399120719229426	5.856830391249664	2.89639366648158	3.984829157265684	3.4161090254789053	4.947669621514996	4.240084749826765	3.8185936955405806	3.9355721990322072	2.8756047639845215	2.9944252324076737	4.227834510908993	4.884488121752431	4.818338288232112	4.88455630922714	5.7267886373494825	2.646018235186376	7.681110162442354	5.536285837428638	5.860527582295491	8.905977634488451	5.253003392375393	2.3789146594711994	7.937962860623978	3.9358608334174883	4.3692396845100765	2.950122731964272	1.9384956154989847	6.253969319634904	4.885812031861042	6.081586373700028	6.666901603285418	3.6607075171784023	6.064486459522357	6.957511581485797	6.414779927850916	1.9453237876823952	4.511556624480818	7.834877186620711	8.597341828479864	5.381180545120435	4.957362158884233	5.476462032158773	3.107827139726065	3.8809376590360114	6.412526925826335	6.392114261474188	5.478776266978699	6.020798327726155	5.5139901563686395	5.75371571010995	4.429682790356346	5.54549525808807	3.0026651063506598	3.948294585260715	5.3044712988586245	5.52306920103812	4.838320657393809	1.980130257252711	4.319892174285205	5.791498863613647	6.155012404338528	4.345451462139975	4.723078033915242	4.492660997839888	5.133361234925088	7.438083392827672	5.318483016464116	4.448314638394639	1.0704052144120797	7.116380884189618	3.509105805668014	3.90968427864758	7.34550468779259	6.197210127628939	1.9712978945891135	11.713416834921851	5.881616365272319	1.7430919650619905	4.149504049931233	4.612606476711655	6.9927815275053815	7.757388561164154	9.543199482085313	3.301106537936808	4.376909888607623	8.499750843033809	5.905851514655888	2.9630197733316668	6.321582818640113	2.570104833866199	6.1588081453219194	4.727838046132757	3.4155030668829327	3.1909474276587795	3.8663272290401083	3.1518008261663164	4.488523047230654	3.694351076101578	6.665537493463793	1.5104590601495174	3.6591320782194336	6.450527173651415	0.9999251611014808	3.9895554646285887	0.0	6.714808259724978	5.930970713450271	4.313106123019478	8.827325403071987	3.256537498321022	5.907098748555041	6.511838309152461	7.360653840416324	8.227154485563881	1.6657408319728273	3.131766125667082	0.532746072043316	7.30529049102845	8.557721955785672	4.3474427212326905	6.038511235942005	4.9926369704112314	6.666432071764532	3.5308472216616242	4.881832071021144	7.400207954981823	6.8123818283175925	7.986358569636419	5.774926926387648	4.523765065330876	5.2365809079112005	1.9422050371342134	3.9186662146657367	1.669342053162809	4.187332439340645	7.608643403042368	2.5995952434642535	4.835488039842519	4.972829313886807	2.937428306026535	2.618381233450332	9.21362239906949	5.924938292429948	6.753864170650424	9.766349286727445	5.8807960793058855	4.772552467210907	3.0638812896890375	3.3817135818156845	4.841003754863114	1.9354275500433746	5.659605231377571	3.2726328346317737	3.842863789568474	5.774467751788827	5.715832114929851	4.910045271012437	4.9990178825786735	4.997554920849284	3.0564444404414615	4.513402421081245	5.641733249411911	6.466522259593249	7.461181300081837	1.5484515027999897	4.977130923900556	4.119202026209922	3.9146112308426604	9.994563164945598	4.294146344392448	3.4506823566064537	3.1788329694739783	5.128295457169835	5.753420368337201	9.752276852494926	3.0262966676558194	5.242918072597476	7.508758645147567	7.443638102979589	4.31908067569853	3.828059744180993	4.101448374956222	3.675512304433385	5.81734572763705	5.541065206947798	4.010497280649561	3.9947030031842563	4.137738264150547	4.254101502277077	7.210777267371794	7.724887425940305	6.189620737136278	4.302279256061471	8.863161891999404	4.403221067630965	3.101074858747982	5.14535368487253	3.1258813351168127	6.580988493983346	3.8865499481403223	4.799735521335422	5.974415585521765	6.895722696244367	6.33838240288925	1.0091346272464674	4.17902723396497	1.9845848418916283	2.885167984981841	3.4763205871517786	7.790402517520963	3.0261801725425332	6.896116833578849	8.930705944331029	4.663366385997946	7.751242708095403	3.0359778294774062	3.3037481667778748	2.4920684739050167	7.759371001060109	3.2543644256811066	4.887544173891654	3.716703535266864	6.244466582194385	3.29619055692754	4.715922879412332	6.265473503427597	5.079029752891109	9.13427696064013	8.693574451082181	4.020503078715957	3.0635078649034595	4.933460306728373	7.163364849187498	4.386495601982512	6.974901592230748	7.2193083368309034	3.948266832993226	3.5873899141190564	4.839140750834366	6.943174151919498	2.43619475803765	5.887233793684889	5.577258826862872	6.75543349065435	7.98513061626222	2.136303184899515	2.707632017713788	5.726153517496186	4.949501115023788	4.250684695025223	2.913165958587168	6.018586624316978	3.7187459443840827	6.905424986999706	6.0418394408897775	3.8260197099934725	6.213583707387209	3.170913042253185	3.7852292339501803	7.557117500815078	4.04028720934734	6.3538475533586825	5.587951074133979	6.81080665721137	3.997990061038923	4.524620576938359	3.149708497628915	4.39972764008195	5.113259284442782	5.527491709359117	5.493106846868004	5.421629689572781	1.3104749914114537	5.5479923974636	2.9706961904881575	10.98775164298203	1.257237144379277	5.301309887439586	5.793581765031987	5.571517304627472	6.015472207088049	9.721229384293895	3.285569832689038	6.252210349384061	2.878124953317533	4.948079524548191	3.9468148585119605	5.5315666121486835	4.05038189454515	6.097805295126722	3.3150546905274147	4.177528408665634	7.410486574454499	4.687972763017411	6.021695112732608	5.5324682012075606	5.387162460994059	2.9909722361103332	3.948049099132274	2.95950761745236	5.454509114711953	3.04612162164295	5.8416172673639775	9.379428411161012	4.537203656948061	5.94671321882008	4.108070733351088	4.1555686787552855	6.101863927753725	5.561080715471443	3.8800134801648327	3.9941206095089217	3.091382158201985	3.673746532975871	7.203091815648087	4.739506664747617	1.9415777004354968	3.9072453421920637	5.685731329365844	5.113460687895852	6.906338495941317	5.963579551935155	2.9675052545638727	8.294968042740496	2.4427780644270345	2.660783126512095	4.198091144261921	3.647401710222031	5.66728555214518	6.425566079519496	6.0136034551045805	6.050241055244761	3.4858689139668724	6.387707606734862	1.7855103605935252	2.9925120132994802	2.706341929060189	3.9075096428108087	4.895636915569453	4.5741057492538895	7.869245398428105	6.2862837861556775	4.5901863353553995	3.122147818661922	3.0027898984928747	5.979830396214602	5.839487648346789	4.833826572915031	5.043289717132116	9.082387909568139	4.778570908926811	3.0755076726569026	5.937054976623187	3.7760518619556755	4.023489663267913	2.4285126859490433	6.2320994579822075	7.094805118121772	6.745242710476726	6.028190993391973	9.612614329393278	3.9728956914399562	6.0229811037850745	5.267425311795091	5.822205965650375	6.078228470256946	3.8923039831779995	7.2400830469393656	10.769949988528685	4.610228470412142	5.672938550273665	6.258889117977256	4.066489090956342	7.075222795701524	9.217631292048253	8.982473434525076	5.726981788457095	5.504296275245852	0.977508457796916	6.942187686520402	3.4232352787126215	4.55901502557467	3.8349880257918034	4.521908774661422	4.751038658943877	5.479599678339703	3.2832785022744906	5.5220530363915605	3.9588475752555286	4.717083757743796	2.9641289326887095	8.205246346014787	4.673930844551718	1.5146230038750226	6.093996181116089	4.682954774925997	6.197892226292895	7.778212892342089	6.486194861245388	7.93798895662878	5.312410565895782	6.172691279060773	4.556965387931162	8.090012700093006	3.9864788839110625	5.193307165829351	4.958071818221655	4.502965947596603	5.864851455518531	4.880270291951202	6.651064324985474	4.5500122418861775	9.108883051235274	3.071862772267148	6.021951355692119	4.594149211487852	3.765978844170567	7.918256737302652	10.387359390719077	3.2843983159521306	3.5212422710416544	3.5755000623400193	10.227073262025742	4.521281669488715	4.133243830718981	4.056823958585916	6.122873450070456	3.671591273629775	7.422888217944177	4.399068150444871	7.463601174005317	5.127180247079875	1.897784649977506	2.9488407259598484	3.0084481207683864	6.172460335406194	3.0152461797907493	4.8733285275633405	4.573585662863934	7.583477843551588	8.494819771357541	2.820292438633671	2.2251716894689233	4.659500704761309	5.582161908838714	7.638096394562457	5.346180129254969	6.719607856760679	3.865979807715261	3.9145166021115716	2.3379002123677335	9.111100125069274	5.074868879668706	3.952905087739392	4.982845453260995	3.983131792346403	5.655714396142693	3.743236326174335	4.56673888846894	6.407964670655605	4.959917602615922	2.8692138597447827	9.293724256408568	3.5646931043000523	4.745640238333018	5.144575445921388	4.945479731692282	4.700849150853856	7.900240753515798	5.84076191664867	3.203376604618327	3.035258677554913	3.767789288486983	5.102586800066048	4.049198539550669	3.8079116188394755	5.937669522994587	2.725569069404775	3.7944038980505765	3.7386324892730936	6.812470025399133	5.9393097755336575	5.775561338738123	5.880436873247697	4.558499474485092	4.274695019992133	3.897464120247006	3.2240661071883663	5.325254486037098	3.172945952873482	5.190280158798455	2.557417428409334	7.50537970677908	3.0039528537667457	3.9370158275859173	3.9109045241041906	1.8997354599304521	6.52753092935051	3.855082271258789	3.7468079435697694	4.0890835430335954	5.347824931903819	5.830498495471676	4.835451760368501	5.650295143745239	3.423841423412752	2.137448063827392	3.9792954824793414	4.729432764723703	4.9030191332348165	1.6003363930063823	6.88596793913555	2.574854298424597	6.248323637725631	5.108458100465944	8.794131847478168	6.779464691621758	7.464733278377005	0.9846489808107252	4.043450021674395	3.667580518727753	5.671805719646175	8.62189285745437	5.093007601794471	8.656542024717757	6.326078229131799	6.667502441359449	3.9021599181520976	5.832157469190751	6.948173780832189	4.873477829717518	2.898737779490757	5.632710030587169	3.605874969686503	2.9611505394652418	3.5409123865555054	5.187076372883267	4.634799240849533	5.349539786986663	4.306494871199021	5.109184957770755	8.952444353227833	4.838264588490639	3.0023379581777876	5.825764955508228	8.752443359464609	3.161749805617491	3.574107037105219	4.191970645217249	3.937105746059157	4.006063246403028	7.487807077224312	2.9257962209453274	3.0028449612153625	7.101216525091958	1.9530835449877093	5.2031262891632375	3.5649939054335595	4.953653290120969	8.371424550461152	4.043939431110711	4.631841291369866	5.809394727712428	2.8748683303390714	8.274792792680586	2.056934694355765	5.406224412696939	4.4164613072017715	5.836008677038261	4.5449669035705815	7.405142082387289	3.9935012512065313	0.9998070849132468	4.824526200292362	4.188003212938907	6.80465151760254	2.01155242180124	6.057638263464346	4.329395871489113	7.426673342336832	0.587417926381239	4.697501467154075	4.234316633469032	1.9261729087335813	3.5183040804540613	1.9912300128225473	4.981790188601362	7.098985139835883	5.882384588728416	3.7783350288539395	3.4590502194595008	5.424702109632515	7.424269120406122	6.541290731161678	6.153905604999918	2.9514049644159557	6.507937846388624	3.102688863105329	1.9383550788215744	5.943267918954688	4.534221411843613	5.103972590630464	11.904986586410931	4.586326643483855	3.166423202750948	3.0437799639105427	7.857167276357006	4.491608019701189	3.5772525806171487	3.2054089187895722	12.64976679911259	3.663441164754099	3.4019731206520643	3.968374200127653	5.201719704480032	1.9625571926060532	7.392159329517788	3.9152709921976174	5.0056255694069804	5.85784754147862	7.328918431991077	2.7003803849809644	4.057750366966121	2.515549871672225	3.511933070432066	5.0368385749629585	6.2565089130827625	5.537663182300597	9.25150378006061	5.301677492195015	3.3460924255397035	3.9324253385284207	6.965598298673838	1.5870681317255284	4.967161739048764	4.797895389422877	2.1969593459390926	2.8488451641877495	9.489334981721576	4.0551610039872985	2.9168952434398094	3.9818568005814057	8.213497552445586	7.854284935313732	3.1315626474747775	3.5220247448562576	8.337328857016802	6.293839569216513	3.8641268877640886	5.604362568960046	3.784176738379388	5.8913535581648855	4.897855187669836	8.15880247510047	3.9707188877374957	3.5623723342785096	2.7458199643195584	6.378461858465489	6.394371716496388	4.667088903025295	4.776651210935907	10.672572353158555	6.174076798211533	4.872194057603808	3.2807627737308915	9.010075856762267	4.294706531320473	1.9716455621082927	6.033444135765148	3.154527099021206	6.071001114904658	2.6769087737064945	4.808825303161598	2.280442678662037	5.710968677876878	5.708107212147094	8.608304223017743	3.6901056666873346	2.326157153775476	7.454069824898626	3.780062721729885	4.958720178168821	7.25860784825188	8.127946479431555	3.632855480762438	4.621169659585534	1.6453157703159949	5.583852916820128	7.9146764975804915	6.453977282093031	4.931869588387517	7.840393930775829	5.538562373527863	7.650930796957349	2.466125637097711	3.892728243166003	3.902753415803877	0.9628918769053282	8.594675272389486	7.24419744988966	5.1587113698026945	5.5096557156786305	4.552476803663896	3.9243413429738156	3.504061053220716	4.020174662751524	5.6459187232980605	5.617034525259994	4.737261597515311	13.606821081027775	5.055647721041978	4.544092135334825	5.570993608476876	4.589319156041228	8.643291214068237	4.757889071691142	3.135832138897806	3.856224780593278	3.915322457079628	4.8162068631470545	2.744509518137471	5.352522044234314	4.9665689921607825	5.760637853409484	7.184612464857534	1.635095066002274	8.643068262683816	4.381284636088611	4.995321115068027	4.662796039625097	5.304700133405609	7.918018857107702	5.9719730073406625	1.8496700779965818	5.272994566410389	4.486801793726949	6.172171327767846	11.590836269723846	5.581125330317044	2.6788139818614773	3.7525863096261207	4.9993293317591	6.870945827053648	3.866077034119784	3.271250602896646	4.692429666875387	5.098968808766432	8.290854254859347	8.313730610395046	5.528899574538275	5.9416791181933	4.797950052405764	4.356214953708209	4.215401452176031	4.9778622438738	8.216068780298173	9.053052323743744	3.1648664321585955	4.694405385038883	2.4950724984316732	4.689669938745249	8.148672577522197	8.17142189319434	5.28662954954006	4.618382196960349	4.7333564465965265	6.065250624036964	4.917978769209212	4.96686870520757	6.317649624232702	1.1020215161528246	2.2152770546972804	4.720316298984678	6.847656701324445	5.220309978696676	3.1037932606420133	6.269748892518839	8.644883557827177	9.298477995272307	2.5409108888501653	2.6418653828082697	9.679150616641513	3.9958342902042503	6.590259667754445	7.425754946941661	1.957161780552401	2.1225078189656714	7.432115950770799	3.0772348908617624	5.620575386908623	3.8212867153358356	6.9290030035751355	5.707966665142656	6.884967729486671	6.6682597287563885	3.719116661605338	3.5877948582840715	3.69136114910952	1.0177485120019405	3.7606735721438067	4.090907540842376	6.479182759766251	7.332028276173035	2.2048739344220794	3.03789399294572	3.919529914086826	5.30757204764404	3.1535394983154945	1.6589709978054688	4.297819731029405	9.117680716115851	7.704948101541947	5.44889008728545	4.94828308009372	2.991452349828893	3.276783443490162	4.5269677845281295	4.934313300929281	7.692706944911698	8.919541725504374	5.199099920759116	2.972793087481261	6.618896707565137	6.502154472858689	3.927731937810001	8.526542678664816	4.030724165304995	7.041167224131215	3.65728657272519	2.9230402546399916	3.933570785596797	5.3679318651901164	3.4787012498641126	3.552165132054789	1.6160778528928057	2.901568910789524	2.487728822793322	2.946441806026971	5.852120165230226	4.367932008530307	2.977661052379635	3.3746563469935444	2.9040016463272407	4.8571306228060305	8.318396925183063	6.796448883675262	5.884861901058723	4.543571814293487	4.738004896054146	4.23466534819321	5.005535340419707	2.218561599990498	3.2369659954071364	7.875200010667793	5.650455162757339	2.6177618392867417	5.015680725729784	3.184735848438415	3.788641931699894	4.468874551266759	5.875520589626125	5.6870697799088505	3.1478430583730104	3.9321455293128165	5.841817913680074	5.6731862733307645	5.655478115187131	5.072181368141878	3.124265803745211	7.8847941645270465	8.006989520888185	2.3328429985279584	5.839948910379482	0.9701535786658437	9.180060360546005	6.915498259620387	1.8575854633611661	4.0979289409677255	4.228761124491462	5.245531361321122	7.7716190622125465	2.967764406841611	3.845909487352876	6.634623314874732	8.657781465756878	3.186399623908677	5.9798649851840375	2.8338627663343483	3.864786728055493	3.8106494293501867	7.252885641763735	4.699671309335473	5.582442856676527	8.338424053846962	6.856853578002937	9.290935782334298	4.340744536745229	4.8798667326290435	6.494489673370235	5.314398763342692	4.849252460152701	3.893686100567361	4.665798424758676	5.8433233880082875	3.900147993813625	5.915924244870207	3.2361311404916164	5.886838630180752	6.1301828528873346	4.153980586645635	6.695592303479496	5.694478578157503	5.840977584697501	2.1638988441604337	5.2988704847616726	4.524782522640252	8.479709897678577	3.679146306184717	3.226066057345268	3.4155420949368267	3.6430730004906278	0.6273665184101054	8.011162971850316	4.5010387681615756	5.843188027212907	3.088221947422877	3.8450019209978006	5.801934829049517	1.9911626782033733	4.599604021369397	5.837049820592064	6.264730775091769	3.0102944971881227	3.937395965768454	5.849716824148797	5.018094700215202	4.3973089921709105	6.856626284598355	3.4908281223193858	3.5763765066055706	4.630453655854352	0.9731953194553385	4.602539415786153	2.8912907172799702	2.3200145352213752	7.260057796720518	4.984451612258729	4.674067943980586	3.8144227458490563	4.050282645250461	4.953722410260941	5.840728738538904	6.669034197050613	5.303104682330962	5.1183887067359475	4.456755827204476	3.0036964923415646	4.2835435526068775	1.9513020767463742	2.527109708702512	0.9933202250276784	6.1562402185415515	6.910400170616748	6.293898756319724	3.4889334437467907	4.272164999157303	1.6013881666847878	2.6778207315549514	3.231743332354908	6.150461565618316	4.705667741454435	6.855848845797868	3.4589822818265947	5.171684142335671	1.7440204943479358	4.881593365477921	5.587577833891205	5.879178999077905	5.220996964729798	4.912737065269779	1.0128117960852585	3.191803709306448	2.323617686410753	8.87866425666458	5.84688840168382	4.7308353599518025	0.678637431898756	3.5177893156228746	3.580596107579347	1.9917221692459197	4.174372294944177	2.9729731209626995	4.014056846237925	4.306499253639155	5.459936538796513	1.7265225979420329	10.888478321040662	5.994149218586073	3.866847260933578	0.9899427524272455	7.836556896548334	3.815657906772785	7.625794664806766	8.460055940448717	4.541869266714664	6.699457648245847	3.9710854653163006	4.08120168125299	7.0716149336970275	4.039598222886407	10.672912996313885	5.9262514678705696	5.611125342867335	4.8432281526089636	4.919029256985048	3.1046369418108846	5.000406994918257	7.744259407161533	4.8455785902287625	6.033564804276435	3.0221553008614146	5.188694948951024	6.638094391000639	8.374572723468864	5.991822473125773	4.889415360025518	6.329858889359341	4.532126106982195	5.5165673918080955	2.221180596707997	5.721224308597382	2.1809115164691755	2.769971031540794	5.688021305598836	7.648287753685755	3.1761776621268814	5.8815091650702325	5.295535187792295	7.302710947368177	6.0999031165114035	2.4539518056109557	4.540909651767197	3.4101048010169124	1.9551932848974167	4.561676384567286	2.0714104083053866	4.027131032824653	3.206534886109858	2.917849694504001	5.14405790765519	5.274815166082082	5.170229799730079	6.0584369425052875	5.868337211592842	4.006489912720505	1.5803365432608947	2.9734574086358943	12.99718803729228	4.891888878043609	5.847656241024627	1.9755791137069543	4.984405740787691	4.7343855511698525	2.5232899867627525	0.9700717134862857	2.9704225402275455	5.548690982764686	5.252198918798049	8.498801152082578	5.260517991264291	7.859292972160066	5.165842421848402	2.7413362602869857	4.226908232233878	7.208191502749022	7.1070279472176425	4.927183861305737	4.7619988102210495	4.007370475393979	6.588710843895943	4.035184615084806	6.838002944292542	3.880224746764478	2.740994826630974	3.60554270253308	4.2528975833002844	7.414146336736963	7.551993374366406	7.712455332565445	5.6270735837254575	3.575990458353578	8.696534806447186	9.1785721350544	9.495489457432107	2.621665481733296	10.470302963077593	8.652533922142624	5.747845252140662	6.732459153310153	6.448723296420905	5.587353257485985	3.8027439127608287	5.267249099264439	2.2939137591147425	4.022068748430272	8.028105997555889	3.8091507581956625	4.691743471095445	2.0717039871860927	4.933360255167776	6.5281138375638585	3.561714897160963	0.9930783126468825	1.0816087130455572	2.5043230494647633	4.928679267165154	3.8534800936202216	2.3703008797149447	6.879207040127439	5.284836416016438	3.6047304906797684	3.3309433691984514	4.738329746436677	8.723320805483429	3.240049143705858	1.0365920968779043	3.2355841502488043	5.874579759462402	7.689227026810582	2.1017776751252275	5.853172998822789	5.960415466722713	1.5462888213125627	5.839735462607033	4.358078128694628	6.305234943410483	8.018764409355136	5.089242164953792	5.750583988353626	5.01905179007316	3.9850981576240287	4.1458729918448025	0.9624219411949966	3.9542747565997978	5.867237270721477	3.897222532905267	1.925255248019814	2.985032798504805	4.503032060763454	5.879884406966693	5.0374871337557625	5.365277449143658	7.798802299610878	3.805747892895932	8.954060029524886	3.0244777590852565	1.5530238612714045	8.229905527089038	7.1828517811042225	4.02413424470544	3.1001319810878765	5.930148259698424	8.696912268165827	3.639782038967985	5.643001157135312	2.641995491221813	3.0385758997460486	4.560969078364747	9.560407122348762	0.0	5.443621331689868	7.5296465388827585	10.113136030012178	4.312058654333401	2.6676461744316815	7.445739196488894	6.463198925168831	3.1593918909533714	4.394768613787711	3.861493177644277	2.0207348378550702	5.039823492715405	6.216421109396999	7.549496418018511	4.900796516595456	4.709510157675972	5.516879776848828	7.155268263859937	2.001340494673244	2.0270385623876384	4.882666028334859	4.220754895917004	5.084016500406971	8.968812103317674	5.310344042246631	6.13335712731254	1.9937829332658374	10.98336270364917	2.915277892729293	3.5538208076263405	8.347058614734724	5.62894690305434	5.0554281252621625	5.487104377685211	3.95232962056289	6.2965076412541725	5.742179816931262	8.81085060896897	0.0	6.178212931053939	7.382016192431627	5.936340877503929	1.9192859319535471	4.004323924961516	3.690077295485754	6.247776421928409	3.654698533556077	9.274386258666514	7.111362331031984	9.908309764435929	5.504146762245602	1.5215024287982712	9.074224050142924	4.859936172768387	5.500830166881822	7.67307676223131	6.522278328255886	4.112818244371472	6.502453548287017	5.569189945129015	7.473844139105825	5.477575730098894	5.852292701749538	2.5639100552121685	5.300083066172912	7.2298927652683345	3.299443295958888	2.9127120348240747	7.990013156626296	4.751389237344401	4.779710988717898	0.513588549331061	5.353340077140324	2.8776392909871604	1.8174380510516825	3.0762381973556945	3.3865920585996907	5.094381392414663	6.342632445325049	8.237913298341255	4.753017922314865	2.917158303731553	2.750435403020856	5.427536649774859	2.835206483361368	8.639371959909141	1.977360279104438	3.4117740245187465	2.328053909046686	2.96793511123004	5.903030717506749	5.724201829960699	5.062389524004958	7.261325876748909	3.5535529170137887	6.535695044031672	3.505423509927754	1.4123102327572188	3.0272680863164654	2.669532045297629	4.012626780474914	6.749012288875436	2.542678815038732	6.819522091064681	3.9210646220016843	3.8004730851672583	4.5565802504295805	7.594792732298545	3.1242847688012723	3.6852630534756234	1.9617574452613153	6.080592501039463	5.476167528335182	4.9391405397948045	9.559182418443632	4.856076884091242	7.039285467084385	6.496242124939583	0.9961264278232069	3.9672889700042746	4.524081978022389	7.405736845529478	5.964154867586469	4.664732844231696	5.93203126782501	4.632531550222763	6.819227809039426	4.325202001420391	3.877948743054071	2.959558795372746	3.2499900693746064	5.633853684586978	6.005609128877956	4.416349723336463	4.897547635849374	9.49062035384369	4.49369494353567	4.595762649708744	4.642080228111686	4.927408919819455	4.476453110219168	7.236736627098808	5.701358630521939	3.566611735912724	3.6711533143945196	6.118403269097468	10.460164890176207	5.7641431868631425	4.333964457125434	4.110143945999648	3.189894186759673	6.575858284778704	6.073805917701787	3.9065272986632875	6.790828796613853	7.2197420764133025	4.8288154858081604	2.4901059792585003	3.9444851733992685	6.272003806609462	6.817407960639178	5.203863868535549	6.948753054080293	0.9821497439191303	8.178817154683975	6.223558450600055	8.190737773677899	5.4020182617855195	3.0630190956869034	5.401501159145268	5.177788329153116	5.016608319552152	3.308640700833945	3.825580393919273	7.95357394668104	4.6657190806074835	6.277844956421508	5.20148852801036	6.989051297477763	3.299704044387686	4.276513107051124	5.208463860526092	4.91589476409277	5.039077718204347	3.8462040781107047	1.366624911154038	4.179715148639735	6.853658838235961	8.086742107245104	4.654704621993314	2.949496743670341	3.8401023445202425	2.089854352491032	1.6225334632577928	5.845257013112446	3.6585965550579176	1.990992314642438	6.220072864420866	6.277213346177606	5.90292532041148	4.021493669468365	5.521764598665783	5.74109088005559	3.9502941512206227	3.676437248093188	7.158133707856943	1.9824935683746405	4.691631694556124	2.288296368401702	4.593854203837444	7.958521254267078	5.807391958528474	4.651202376978166	8.975881955746933	5.882466800670288	4.934708907223154	6.099158485567187	6.251497896082513	6.807075036181743	5.839362242376508	7.034591593110978	4.250677000265862	5.935294789260684	4.914927793107022	3.816857490493049	6.0195472198521225	6.976645832047112	9.290346679971321	5.606133472109925	6.646612182460465	5.15739253393048	5.615568116058654	0.7654389073531968	3.5867718927316576	5.097607341209434	5.050435372625184	5.516537163934677	5.861513476763116	3.825026447834983	1.9716359220736128	2.106793234370406	6.472744523751179	4.159560574074298	2.0009426930117886	11.435602659902536	4.695906138869039	4.9045114128454586	5.579989698654488	4.22494032083737	7.788580211356741	5.481288792345472	6.049391651496428	3.357141142696033	5.3699526133730995	5.4276839352395285	4.842190451025464	4.853468755472607	5.925362547222909	5.305472123587316	2.2090162559368447	6.214135063962028	3.9379199500391597	4.876654901162186	3.4273271397502074	5.328980858479981	8.682722524600376	6.807398694189041	3.2203731765726036	6.6882212880559395	0.9746566264010114	5.6756199183849505	4.787648165055728	2.2060817049985673	4.130981111212436	3.571894820101431	1.5308773616401625	2.3579865644609463	5.21195251741044	7.715038031573551	3.5315523555906627	6.55960854453376	3.820719446231838	6.852194484473166	5.394307270423917	5.045686421284096	4.17667043147413	6.0264557324713	3.883458514623449	3.9004813958248765	6.692948226401792	4.452234056283494	6.054009962178788	8.588404328432489	4.805132242775839	4.744149996655448	7.783326932968125	3.2047688474284453	7.2050129872761985	4.19408711415696	4.893742852656365	5.968591258233993	2.818060784830799	7.5098311174778525	5.60639436343072	6.710309296618699	4.29771032025727	4.550995565356049	5.081803425513635	5.269378850610214	4.94888424141584	4.3728837796885145	7.449168472766829	3.9051324351780514	5.532398828965641	3.820592783859929	2.9790058268075734	3.5421955058970838	3.2341735447231157	4.37663811656118	6.414106391112227	3.109110758674742	5.030026115288096	5.9652058003352835	4.428285634120503	5.001720661286059	4.350367135524819	5.668843121707911	6.11712917668079	7.780710206086455	4.1722423680575265	7.814447751513076	3.679829640022239	3.2957562614155402	5.1190373786100025	4.698022592922101	5.201799629612249	4.634847434890286	8.27178321633326	5.120527929243469	7.768570825189203	2.867692477942303	3.5843658434504415	5.485160485253328	5.906010204448571	6.712463269348012	2.743660846418541	5.3864318510750975	6.6181055288223645	1.633887893756877	6.788493794193115	3.7561140431660487	4.588204768658389	6.887917101517216	7.405913453128803	5.358468269378913	2.115745749849553	6.574378993806107	1.8275808918140395	9.386246488600523	4.400981143894214	3.837625677709576	0.9700491841787632	6.128992821488615	2.2408835242949077	3.8833692440989114	4.448612625741403	7.182899289598116	4.4057935559280414	6.722833539864633	3.4469669586408846	4.975644686648186	6.826079698787211	3.1349844714487425	7.276791982124501	1.936618932575513	4.4472635301954515	8.725996629097924	5.050520992000111	3.6520215188601304	5.216720481187997	3.9081609818236873	4.915982563238315	2.916912162948795	6.605504253005609	7.055626640052382	2.9167826336466023	5.077080006925067	2.5025362525920594	1.5607861370392866	2.211926055077753	4.255768011517781	4.489130138590611	5.2296555168606895	3.8400035093751854	5.295049659390106	5.595681443885923	3.630403439032688	5.044560440559205	8.608317977959722	2.3169429570624915	4.515564466061341	5.323980217481919	5.307098336008756	3.3108106004588254	6.182839567098548	4.8958517288902845	5.751354567949078	3.2170865961036568	1.976647702023872	2.1366211714040633	1.9821549487156156	7.1986004861961845	5.916037239964548	5.974149567709168	5.937020123760623	3.9545094006684667	4.629467240020208	7.804828904600554	6.211924958066562	3.8734791470623513	5.8730260781075385	4.432645892204467	5.102808241305875	3.8266787346668134	6.426330476853414	2.773587537483688	3.829445044704603	3.573733822590143	9.60053995912382	2.014794045108246	5.195301848894888	8.50991354502226	2.3440260298006868	5.889079391058953	5.949914452043819	4.8781976404706295	5.859709064019952	4.412596177912884	3.959240991340222	4.93560185194305	7.297881584641445	7.039434564940264	1.9205088345396144	2.9235371497316622	5.267325605958608	5.679549769277087	6.762489574963336	2.7575742186240793	2.5936884471763038	2.950763139167398	5.860761835363129	6.53473421961188	4.701182388279401	2.255632452147991	9.12927930562304	7.868080694030239	3.1417796044148147	0.9969146473554741	9.045386334719776	5.8695840784480176	3.337431989870468	2.6365375438684646	4.858101630094588	3.9042269593998298	5.962814493700205	2.9397974356895955	11.487692965528094	5.874307965503333	4.895308934334592	9.178896800529682	5.330600975480215	5.304822943913439	5.778622811629131	5.2399888460079005	6.858064562316101	3.935100693390194	7.26354394351377	4.238665447927026	8.285851910723153	7.110098623478422	8.978936038273996	3.0244656616803396	6.069671340860565	6.484811469193256	6.484893828743156	4.102763461841164	5.18544711853099	2.9422577616203935	10.734598758459343	5.742539450375162	4.263527638049313	2.520188345330062	5.512206796488514	6.46822148358276	3.6912016313381857	6.692413794953242	4.271893122263686	5.538964389632976	7.6245930141914675	3.1230224554924537	4.880218373055825	4.966775174371546	4.574210986864216	7.130350201484581	6.626232194812679	5.394770827953261	10.390526137469125	3.987014455497616	5.841724012310257	6.6856710355754245	3.210167299971679	5.955751882964358	3.1146382932216117	5.7697481085399085	5.0455664615736255	4.980345176241946	5.174968550992886	7.802845435441054	5.241639692255108	8.442210523184134	2.952423457466531	3.2286960268763325	6.4571861206385375	2.8915241938585976	4.960870396784943	3.9351768161575413	3.728589777248204	6.197128958104742	8.845275764187786	3.5589021684912265	6.284230226483115	6.345856051496395	3.558690828931656	4.637753167273541	4.869545384420357	2.4408676268269427	4.033798148871688	4.72653695151322	4.070040650292585	5.3871568187615635	7.328666613434152	4.561623361713953	4.234118281289426	2.000507722125268	8.540425411266835	3.025596253481449	5.447870946301955	7.891545966493437	3.769049120246335	5.8062350011491235	4.8662216581231394	5.4269861818378775	3.0085821123301706	3.3218232419842972	4.156057517965863	8.820439876429594	6.558820029802073	6.021683318995995	5.519587971381814	3.5680220624309436	3.6243480720164305	4.248262082182977	4.59442145311881	4.679320217794627	4.704890375235867	8.005358165509403	7.158212030169117	7.717347327818195	6.0048651720728845	3.4654589517956405	8.075490753577496	4.095855045522103	3.867336294715799	5.119818532026883	4.336154147128581	1.7161448612138275	4.928522270829962	4.1194696553672285	3.6618864220013196	9.527130176681352	7.625055099374525	6.254796574914187	5.004684621269784	5.453273849949544	6.019829877240715	0.9808432930954387	3.8106457196429613	5.129969720108417	3.779148489324301	5.909475126403549	2.9382615266518304	2.606970193745978	7.057332856887629	2.6459579516812677	7.261885287195421	6.879253437356201	1.9652837511353733	4.522396351186673	6.5023436828125165	3.964562575850719	10.339152853593395	4.075218308408773	2.8798347789056917	4.872408265363777	2.9397515488216603	3.7767166525736853	4.027857871337519	6.525723509698581	9.687773671138423	2.111791987823958	3.9770375738574706	9.695644369949603	6.498917175143291	4.290755260419668	4.739586968122988	8.62071461097922	5.945511444334802	3.1122579845916216	6.402924322809754	2.6530821159601077	4.090708229538705	5.646503083100119	3.9434532953827994	5.0171454253238945	6.684638932851885	6.412276883362664	3.3430593975861758	5.461061057557583	9.74513987758753	5.0523687412428355	5.520926286551023	6.121381405200002	6.05806318610954	6.623694636882291	6.060111370393969	4.684187827496386	4.943365217425598	1.9512659782973956	4.216542614863193	2.7567732601859682	4.7061526957845325	8.240853234325524	5.135936554774298	9.275191455568802	3.1219832620698194	3.5564810164431364	4.880075328874399	4.190914347991427	3.060342359209368	6.34326299498194	3.8280385808669775	6.732602164272458	5.425061224378424	3.0764260379355215	4.95598173188307	1.741998469027473	1.9285227223296653	6.78840109123293	6.807305342560616	6.050897360766373	3.8096155138768	8.523631455560029	3.1112769785905194	7.77651736053995	4.837265282380822	7.415866369312259	4.548415943202833	2.6782304819160188	9.026776097853206	2.0717854476999578	3.9075396833571845	6.7359788691661	5.306104591359855	6.275679111323052	6.871785481342198	3.966147128358016	4.6959664215388655	4.932910651081512	4.975923820724183	3.4900563951516395	5.5083174116855576	4.486552097915487	0.9798750251414721	4.916342019718138	5.8280201292264495	7.212173522132527	3.8612964639273133	2.8035300325964068	3.706293767790109	6.066776169684237	6.829621667432418	6.52336747197021	6.833301133891591	5.007997592426577	4.57318515786146	3.315972218875202	5.498744134674778	1.9544678045668997	11.658015123237284	4.977396229860853	3.2374647474620875	11.978342345168832	4.606739585963301	5.194519701558733	5.9556360874105705	1.6306173697902395	4.819786160104716	5.450684896172	6.704121132029119	2.9469247728179218	3.7752080354751683	0.9746828981988006	4.937992694348584	3.7849388031373885	4.363298494472337	4.072336384609355	7.158461071900135	2.792245304776134	5.6915658764981005	3.6243950940571628	2.935364105196612	10.78297930327343	1.5419502115797576	5.3911925215230125	2.75216708902651	6.468414329250349	2.5288244921080847	3.767252226041876	5.740722663033927	4.205279012205081	2.579609995327186	4.800499067400961	3.2621317305694646	3.3408136528041124	2.8165533584370386	4.881940421473173	3.249625292159325	4.561991998773352	6.204429083420007	6.15776789867607	2.9883583824855022	3.217955143809685	5.899033170648715	10.688638696594424	4.39798564332863	6.409498069034368	2.9122803307161496	2.1496550936414565	5.923145913826744	4.1420958871057865	9.421174489403656	3.610232952249767	4.056459791135678	6.352750426711561	3.899423079103331	5.8301867391777815	5.668363685380365	5.521409817711016	6.680140630598347	3.9557246233232504	7.664642392633323	2.016300618474795	8.096804186187933	5.223228921304203	3.2545933100735764	5.9330649920756935	5.922784358847306	3.4341359588146356	4.291508430217177	3.9395337722337804	6.95997330906589	5.47928383243923	7.664934964438156	6.946668897155821	3.975855965578126	4.635603505250701	4.942882366696739	10.270746397655747	4.890466321143442	4.941526460079765	9.307688990212224	5.147716661496662	8.410148114550047	2.5923629438145355	4.160410768338418	3.837694486111367	3.887464854221056	5.196360362800748	3.686196717175306	4.783940690636949	4.151196162874239	3.939153980089368	4.93356069715763	4.791632357561518	3.109949101941799	3.699979029899508	5.9351857521563485	6.050341803865799	1.0636841722097252	4.853705468436396	6.732954020866349	3.4309156311124838	2.9484239039688562	5.932715146677524	4.289813325840494	4.971878222310708	4.610322528153226	4.77703820528025	5.009782922423649	5.1593596789413345	3.864647424848721	8.714689796621881	3.890152595613603	8.776230276864403	7.009230918348217	6.535562172047958	6.623158305398711	3.942943258705223	4.61410093455506	2.6985777561951254	4.8483897663623	5.766058410523055	5.255936856408254	5.556467207178636	5.333083007808732	6.025374576944781	2.656419827677662	7.340879941363613	3.399363586470902	7.412042841975567	2.5949266962185757	7.30769118715723	3.117578986987804	7.39668640065265	3.9089081778958525	2.0831363495985973	6.861870483372108	4.870582222054664	3.6460839123208295	3.93188564971455	5.091524179330784	3.720700446488223	7.34987834415486	6.705994271442465	4.0254458011471925	4.3064850973278075	2.998936081913914	5.828727535518332	5.637783725267862	10.7297442406418	5.141302352637594	2.9162295884190828	5.422155165489153	3.0768890635920694	3.4870785651745884	1.509191379541327	5.276330654580611	6.864381732990297	1.905261333103106	5.288496675117009	3.9935953715610855	6.692859762027761	0.9897174189637002	4.685468387839572	3.4681495294752915	1.9598316327589518	4.987862542030852	1.955146210423134	8.110824650021653	6.034561422575738	3.6512675904473135	5.7602562020332915	1.8565720016045368	4.042425931286081	3.907714692532853	2.6548286564274988	2.9902849371380325	5.7016544777086136	5.535698204096562	4.625620725769093	4.25585782995935	3.862233870934583	3.6237768114793805	9.82928705060948	5.7353371265094255	4.577882326185818	7.582521856676512	3.848835384105903	2.9667475277610844	2.650115850569306	3.4057192019823397	2.6442386212428497	3.6042498871923137	4.026939248046083	8.142147431074392	6.738934092698629	2.4195798114661002	7.863458920282574	5.15225173613781	4.8422095939187475	1.6432501225094063	5.52115839168973	2.232471358726184	7.695070949695625	6.8862186512850965	3.6365075744937028	4.2416947924149895	3.9875950657992716	4.177841504859159	3.7278798947681997	3.9043747043178274	3.5691636184245965	6.9252844517417	10.375021891093603	9.63400470680958	6.666585644453324	6.090016388072649	4.3747542952919645	4.296764026028682	3.5739129772269673	6.774627105419412	5.1945716549762215	4.9433633064236995	3.388540203567169	2.927089986267347	6.001938647579489	5.221015319003018	3.898517479112301	4.7445186923219955	6.453012460863209	3.3320466139964084	4.488158092022501	5.139915676661206	4.820398753337606	8.397139174496829	2.8455621114839023	4.706954715045088	5.917071041662038	6.952207070145949	2.9101536992406003	4.7425541864103495	5.989815344644692	1.9131754382467174	5.610824205834265	4.731972989891838	6.569151259195005	3.8708564748658887	4.564998836073779	4.001870146252972	1.6412728137395107	5.384321385812459	7.51810842609459	4.865329687854364	1.7938102480382505	5.9452896013638865	5.409400837018747	1.9610727650005184	2.6386306878626695	3.8754266701296216	1.9690543531170814	5.619999470613002	7.088765801540438	8.718455382617389	6.512845722137233	2.951815910896649	5.55163066334827	4.6351228837425165	1.6562371751933227	5.773269631963247	2.5804584673174804	4.921535629950319	8.869069692462698	5.159413827164556	4.875020034915079	5.5346722973705536	3.080921606901054	5.153386509249997	4.525887158059501	1.9468064206399274	5.0479000702927594	1.5835592978011739	5.167850094169001	2.9343740772014573	6.8526212128836015	4.672944702581223	5.737462099603677	6.7097507294996195	6.383378332614277	6.002195430090642	3.8521905679609074	4.956858841616754	7.410694068287647	6.86034075089799	5.55115899782908	6.226221228741308	3.9270023696097547	6.674939187389553	4.91972511582664	6.525736034837044	5.670296610749552	7.458996025835845	3.9984058526683968	7.918152729560067	7.253164304894713	4.852427552064803	8.096735078898439	5.689460402815126	5.608385350404583	4.9045531717203135	3.9064860741001803	7.784570006550655	4.29932147524431	4.8880332864641085	4.5799249255815155	3.968854401805754	5.358030994010583	0.9924151896240957	5.455421588563161	4.585988032519691	6.978703202910185	4.713745709903477	4.897319353699446	4.953991125282161	3.127629753661759	4.827172483859137	1.9608559522059172	3.5135011976599295	3.9042933398717974	4.416301646913787	6.4121297230840515	5.889177553518683	5.533801308887297	3.7451283944630607	6.37696257437659	8.926045882009829	6.095772771201981	4.378815972901232	3.009054103367795	6.476778924232543	4.845650380588734	8.90458008702354	5.624840231824886	9.558855528439267	7.436865014261849	5.8634706784640365	7.076858066941379	2.1986112132829376	1.1087378013721618	2.513683141605908	4.858468974620718	6.055718914488502	4.808318719781064	2.8162359763196867	6.297343233121908	7.636603703406357	5.7585418350279465	5.347906562416151	6.241854176472105	3.7484244238719957	2.111538199794631	4.951173775945882	6.4236774052475925	5.257402917062571	4.756126745157246	7.324509847253019	8.476500122473755	4.6536583476940026	3.8930249706607225	5.348945350420764	5.992823707693748	6.098012999446895	7.504833195884564	2.916006183445388	4.287817582864754	4.929186238138248	9.616577503891293	6.740876863937644	4.563591570076135	5.332498807479134	6.843372036173829	5.701466441536129	0.0	6.910692636621813	10.39234215760348	3.9415099561505356	3.1521280220373495	2.0349012502100283	5.531525697782443	1.062538386142211	6.009174353866167	5.782815589674478	5.533248359599071	4.07779627665739	7.366892546616704	5.541261950219392	3.9869609685008034	6.734142263467949	1.9278734426155273	1.5402398526057652	4.309940612630696	4.223720240686466	5.553287007775452	7.420886832950521	4.90466457408084	6.486144152845268	8.592213369259401
G5	0.0	0.0	0.0	0.0	0.0	0.0	0.0	0.0	0.0	0.0	0.0	0.0	0.0	0.0	0.0	0.0	0.0	0.0	0.0	0.0	0.0	0.0	0.0	0.0	0.0	0.0	0.0	0.0	0.0	0.0	0.0	0.0	0.0	0.0	0.0	0.0	0.0	0.0	0.0	0.0	0.0	0.0	0.0	0.0	0.0	0.0	0.0	0.0	0.0	0.0	0.0	0.0	0.0	0.0	0.0	0.0	0.0	0.0	0.0	0.0	0.0	0.0	0.0	0.0	0.0	0.0	0.0	0.0	0.0	0.0	0.0	0.0	0.0	0.0	0.0	0.0	0.0	0.0	0.0	0.0	0.0	0.0	0.0	0.0	0.0	0.0	0.0	0.0	0.0	0.0	0.0	0.0	0.0	0.0	0.0	0.0	0.0	0.0	0.0	0.0	0.0	0.0	0.0	0.0	0.0	0.0	0.0	0.0	0.0	0.0	0.0	0.0	0.0	0.0	0.0	0.0	0.0	0.0	0.0	0.0	0.0	0.0	0.0	0.0	0.0	0.0	0.0	0.0	0.0	0.0	0.0	0.0	0.0	0.0	0.0	0.0	0.0	0.0	0.0	0.0	0.0	0.0	0.0	0.0	0.0	0.0	0.0	0.0	0.0	0.0	0.0	0.0	0.0	0.0	0.0	0.0	0.0	0.0	0.0	0.0	0.0	0.0	0.0	0.0	0.0	0.0	0.0	0.0	0.0	0.0	0.0	0.0	0.0	0.0	0.0	0.0	0.0	0.0	0.0	0.0	0.0	0.0	0.0	0.0	0.0	0.0	0.0	0.0	0.0	0.0	0.0	0.0	0.0	0.0	0.0	0.0	0.0	0.0	0.0	0.0	0.0	0.0	0.0	0.0	0.0	0.0	0.0	0.0	0.0	0.0	0.0	0.0	0.0	0.0	0.0	0.0	0.0	0.0	0.0	0.0	0.0	0.0	0.0	0.0	0.0	0.0	0.0	0.0	0.0	0.0	0.0	0.0	0.0	0.0	0.0	0.0	0.0	0.0	0.0	0.0	0.0	0.0	0.0	0.0	0.0	0.0	0.0	0.0	0.0	0.0	0.0	0.0	0.0	0.0	0.0	0.0	0.0	0.0	0.0	0.0	0.0	0.0	0.0	0.0	0.0	0.0	0.0	0.0	0.0	0.0	0.0	0.0	0.0	0.0	0.0	0.0	0.0	0.0	0.0	0.0	0.0	0.0	0.0	0.0	0.0	0.0	0.0	0.0	0.0	0.0	0.0	0.0	0.0	0.0	0.0	0.0	0.0	0.0	0.0	0.0	0.0	0.0	0.0	0.0	0.0	0.0	0.0	0.0	0.0	0.0	0.0	0.0	0.0	0.0	0.0	0.0	0.0	0.0	0.0	0.0	0.0	0.0	0.0	0.0	0.0	0.0	0.0	0.0	0.0	0.0	0.0	0.0	0.0	0.0	0.0	0.0	0.0	0.0	0.0	0.0	0.0	0.0	0.0	0.0	0.0	0.0	0.0	0.0	0.0	0.0	0.0	0.0	0.0	0.0	0.0	0.0	0.0	0.0	0.0	0.0	0.0	0.0	0.0	0.0	0.0	0.0	0.0	0.0	0.0	0.0	0.0	0.0	0.0	0.0	0.0	0.0	0.0	0.0	0.0	0.0	0.0	0.0	0.0	0.0	0.0	0.0	0.0	0.0	0.0	0.0	0.0	0.0	0.0	0.0	0.0	0.0	0.0	0.0	0.0	0.0	0.0	0.0	0.0	0.0	0.0	0.0	0.0	0.0	0.0	0.0	0.0	0.0	0.0	0.0	0.0	0.0	0.0	0.0	0.0	0.0	0.0	0.0	0.0	0.0	0.0	0.0	0.0	0.0	0.0	0.0	0.0	0.0	0.0	0.0	0.0	0.0	0.0	0.0	0.0	0.0	0.0	0.0	0.0	0.0	0.0	0.0	0.0	0.0	0.0	0.0	0.0	0.0	0.0	0.0	0.0	0.0	0.0	0.0	0.0	0.0	0.0	0.0	0.0	0.0	0.0	0.0	0.0	0.0	0.0	0.0	0.0	0.0	0.0	0.0	0.0	0.0	0.0	0.0	0.0	0.0	0.0	0.0	0.0	0.0	0.0	0.0	0.0	0.0	0.0	0.0	0.0	0.0	0.0	0.0	0.0	0.0	0.0	0.0	0.0	0.0	0.0	0.0	0.0	0.0	0.0	0.0	0.0	0.0	0.0	0.0	0.0	0.0	0.0	0.0	0.0	0.0	0.0	0.0	0.0	0.0	0.0	0.0	0.0	0.0	0.0	0.0	0.0	0.0	0.0	0.0	0.0	0.0	0.0	0.0	0.0	0.0	0.0	0.0	0.0	0.0	0.0	0.0	0.0	0.0	0.0	0.0	0.0	0.0	0.0	0.0	0.0	0.0	0.0	0.0	0.0	0.0	0.0	0.0	0.0	0.0	0.0	0.0	0.0	0.0	0.0	0.0	0.0	0.0	0.0	0.0	0.0	0.0	0.0	0.0	0.0	0.0	0.0	0.0	0.0	0.0	0.0	0.0	0.0	0.0	0.0	0.0	0.0	0.0	0.0	0.0	0.0	0.0	0.0	0.0	0.0	0.0	0.0	0.0	0.0	0.0	0.0	0.0	0.0	0.0	0.0	0.0	0.0	0.0	0.0	0.0	0.0	0.0	0.0	0.0	0.0	0.0	0.0	0.0	0.0	0.0	0.0	0.0	0.0	0.0	0.0	0.0	0.0	0.0	0.0	0.0	0.0	0.0	0.0	0.0	0.0	0.0	0.0	0.0	0.0	0.0	0.0	0.0	0.0	0.0	0.0	0.0	0.0	0.0	0.0	0.0	0.0	0.0	0.0	0.0	0.0	0.0	0.0	0.0	0.0	0.0	0.0	0.0	0.0	0.0	0.0	0.0	0.0	0.0	0.0	0.0	0.0	0.0	0.0	0.0	0.0	0.0	0.0	0.0	0.0	0.0	0.0	0.0	0.0	0.0	0.0	0.0	0.0	0.0	0.0	0.0	0.0	0.0	0.0	0.0	0.0	0.0	0.0	0.0	0.0	0.0	0.0	0.0	0.0	0.0	0.0	0.0	0.0	0.0	0.0	0.0	0.0	0.0	0.0	0.0	0.0	0.0	0.0	0.0	0.0	0.0	0.0	0.0	0.0	0.0	0.0	0.0	0.0	0.0	0.0	0.0	0.0	0.0	0.0	0.0	0.0	0.0	0.0	0.0	0.0	0.0	0.0	0.0	0.0	0.0	0.0	0.0	0.0	0.0	0.0	0.0	0.0	0.0	0.0	0.0	0.0	0.0	0.0	0.0	0.0	0.0	0.0	0.0	0.0	0.0	0.0	0.0	0.0	0.0	0.0	0.0	0.0	0.0	0.0	0.0	0.0	0.0	0.0	0.0	0.0	0.0	0.0	0.0	0.0	0.0	0.0	0.0	0.0	0.0	0.0	0.0	0.0	0.0	0.0	0.0	0.0	0.0	0.0	0.0	0.0	0.0	0.0	0.0	0.0	0.0	0.0	0.0	0.0	0.0	0.0	0.0	0.0	0.0	0.0	0.0	0.0	0.0	0.0	0.0	0.0	0.0	0.0	0.0	0.0	0.0	0.0	0.0	0.0	0.0	0.0	0.0	0.0	0.0	0.0	0.0	0.0	0.0	0.0	0.0	0.0	0.0	0.0	0.0	0.0	0.0	0.0	0.0	0.0	0.0	0.0	0.0	0.0	0.0	0.0	0.0	0.0	0.0	0.0	0.0	0.0	0.0	0.0	0.0	0.0	0.0	0.0	0.0	0.0	0.0	0.0	0.0	0.0	0.0	0.0	0.0	0.0	0.0	0.0	0.0	0.0	0.0	0.0	0.0	0.0	0.0	0.0	0.0	0.0	0.0	0.0	0.0	0.0	0.0	0.0	0.0	0.0	0.0	0.0	0.0	0.0	0.0	0.0	0.0	0.0	0.0	0.0	0.0	0.0	0.0	0.0	0.0	0.0	0.0	0.0	0.0	0.0	0.0	0.0	0.0	0.0	0.0	0.0	0.0	0.0	0.0	0.0	0.0	0.0	0.0	0.0	0.0	0.0	0.0	0.0	0.0	0.0	0.0	0.0	0.0	0.0	0.0	0.0	0.0	0.0	0.0	0.0	0.0	0.0	0.0	0.0	0.0	0.0	0.0	0.0	0.0	0.0	0.0	0.0	0.0	0.0	0.0	0.0	0.0	0.0	0.0	0.0	0.0	0.0	0.0	0.0	0.0	0.0	0.0	0.0	0.0	0.0	0.0	0.0	0.0	0.0	0.0	0.0	0.0	0.0	0.0	0.0	0.0	0.0	0.0	0.0	0.0	0.0	0.0	0.0	0.0	0.0	0.0	0.0	0.0	0.0	0.0	0.0	0.0	0.0	0.0	0.0	0.0	0.0	0.0	0.0	0.0	0.0	0.0	0.0	0.0	0.0	0.0	0.0	0.0	0.0	0.0	0.0	0.0	0.0	0.0	0.0	0.0	0.0	0.0	0.0	0.0	0.0	0.0	0.0	0.0	0.0	0.0	0.0	0.0	0.0	0.0	0.0	0.0	0.0	0.0	0.0	0.0	0.0	0.0	0.0	0.0	0.0	0.0	0.0	0.0	0.0	0.0	0.0	0.0	0.0	0.0	0.0	0.0	0.0	0.0	0.0	0.0	0.0	0.0	0.0	0.0	0.0	0.0	0.0	0.0	0.0	0.0	0.0	0.0	0.0	0.0	0.0	0.0	0.0	0.0	0.0	0.0	0.0	0.0	0.0	0.0	0.0	0.0	0.0	0.0	0.0	0.0	0.0	0.0	0.0	0.0	0.0	0.0	0.0	0.0	0.0	0.0	0.0	0.0	0.0	0.0	0.0	0.0	0.0	0.0	0.0	0.0	0.0	0.0	0.0	0.0	0.0	0.0	0.0	0.0	0.0	0.0	0.0	0.0	0.0	0.0	0.0	0.0	0.0	0.0	0.0	0.0	0.0	0.0	0.0	0.0	0.0	0.0	0.0	0.0	0.0	0.0	0.0	0.0	0.0	0.0	0.0	0.0	0.0	0.0	0.0	0.0	0.0	0.0	0.0	0.0	0.0	0.0	0.0	0.0	0.0	0.0	0.0	0.0	0.0	0.0	0.0	0.0	0.0	0.0	0.0	0.0	0.0	0.0	0.0	0.0	0.0	0.0	0.0	0.0	0.0	0.0	0.0	0.0	0.0	0.0	0.0	0.0	0.0	0.0	0.0	0.0	0.0	0.0	0.0	0.0	0.0	0.0	0.0	0.0	0.0	0.0	0.0	0.0	0.0	0.0	0.0	0.0	0.0	0.0	0.0	0.0	0.0	0.0	0.0	0.0	0.0	0.0	0.0	0.0	0.0	0.0	0.0	0.0	0.0	0.0	0.0	0.0	0.0	0.0	0.0	0.0	0.0	0.0	0.0	0.0	0.0	0.0	0.0	0.0	0.0	0.0	0.0	0.0	0.0	0.0	0.0	0.0	0.0	0.0	0.0	0.0	0.0	0.0	0.0	0.0	0.0	0.0	0.0	0.0	0.0	0.0	0.0	0.0	0.0	0.0	0.0	0.0	0.0	0.0	0.0	0.0	0.0	0.0	0.0	0.0	0.0	0.0	0.0	0.0	0.0	0.0	0.0	0.0	0.0	0.0	0.0	0.0	0.0	0.0	0.0	0.0	0.0	0.0	0.0	0.0	0.0	0.0	0.0	0.0	0.0	0.0	0.0	0.0	0.0	0.0	0.0	0.0	0.0	0.0	0.0	0.0	0.0	0.0	0.0	0.0	0.0	0.0	0.0	0.0	0.0	0.0	0.0	0.0	0.0	0.0	0.0	0.0	0.0	0.0	0.0	0.0	0.0	0.0	0.0	0.0	0.0	0.0	0.0	0.0	0.0	0.0	0.0	0.0	0.0	0.0	0.0	0.0	0.0	0.0	0.0	0.0	0.0	0.0	0.0	0.0	0.0	0.0	0.0	0.0	0.0	0.0	0.0	0.0	0.0	0.0	0.0	0.0	0.0	0.0	0.0	0.0	0.0	0.0	0.0	0.0	0.0	0.0	0.0	0.0	0.0	0.0	0.0	0.0	0.0	0.0	0.0	0.0	0.0	0.0	0.0	0.0	0.0	0.0	0.0	0.0	0.0	0.0	0.0	0.0	0.0	0.0	0.0	0.0	0.0	0.0	0.0	0.0	0.0	0.0	0.0	0.0	0.0	0.0	0.0	0.0	0.0	0.0	0.0	0.0	0.0	0.0	0.0	0.0	0.0	0.0	0.0	0.0	0.0	0.0	0.0	0.0	0.0	0.0	0.0	0.0	0.0	0.0	0.0	0.0	0.0	0.0	0.0	0.0	0.0	0.0	0.0	0.0	0.0	0.0	0.0	0.0	0.0	0.0	0.0	0.0	0.0	0.0	0.0	0.0	0.0	0.0	0.0	0.0	0.0	0.0	0.0	0.0	0.0	0.0	0.0	0.0	0.0	0.0	0.0	0.0	0.0	0.0	0.0	0.0	0.0	0.0	0.0	0.0	0.0	0.0	0.0	0.0	0.0	0.0	0.0	0.0	0.0	0.0	0.0	0.0	0.0	0.0	0.0	0.0	0.0	0.0	0.0	0.0	0.0	0.0	0.0	0.0	0.0	0.0	0.0	0.0	0.0	0.0	0.0	0.0	0.0	0.0	0.0	0.0	0.0	0.0	0.0	0.0	0.0	0.0	0.0	0.0	0.0	0.0	0.0	0.0	0.0	0.0	0.0	0.0	0.0	0.0	0.0	0.0	0.0	0.0	0.0	0.0	0.0	0.0	0.0	0.0	0.0	0.0	0.0	0.0	0.0	0.0	0.0	0.0	0.0	0.0	0.0	0.0	0.0	0.0	0.0	0.0	0.0	0.0	0.0	0.0	0.0	0.0	0.0	0.0	0.0	0.0	0.0	0.0	0.0	0.0	0.0	0.0	0.0	0.0	0.0	0.0	0.0	0.0	0.0	0.0	0.0	0.0	0.0	0.0	0.0	0.0	0.0	0.0	0.0	0.0	0.0	0.0	0.0	0.0	0.0	0.0	0.0	0.0	0.0	0.0	0.0	0.0	0.0	0.0	0.0	0.0	0.0	0.0	0.0	0.0	0.0	0.0	0.0	0.0	0.0	0.0	0.0	0.0	0.0	0.0	0.0	0.0	0.0	0.0	0.0	0.0	0.0	0.0	0.0	0.0	0.0	0.0	0.0	0.0	0.0	0.0	0.0	0.0	0.0	0.0	0.0	0.0	0.0	0.0	0.0	0.0	0.0	0.0	0.0	0.0	0.0	0.0	0.0	0.0	0.0	0.0	0.0	0.0	0.0	0.0	0.0	0.0	0.0	0.0	0.0	0.0	0.0	0.0	0.0	0.0	0.0	0.0	0.0	0.0	0.0	0.0	0.0	0.0	0.0	0.0	0.0	0.0	0.0	0.0	0.0	0.0	0.0	0.0	0.0	0.0	0.0	0.0	0.0	0.0	0.0	0.0	0.0	0.0	0.0	0.0	0.0	0.0	0.0	0.0	0.0	0.0	0.0	0.0	0.0	0.0	0.0	0.0	0.0	0.0	0.0	0.0	0.0	0.0	0.0	0.0	0.0	0.0	0.0	0.0	0.0	0.0	0.0	0.0	0.0	0.0	0.0	0.0	0.0	0.0	0.0	0.0	0.0	0.0	0.0	0.0	0.0	0.0	0.0	0.0	0.0	0.0	0.0	0.0	0.0	0.0	0.0	0.0	0.0	0.0	0.0	0.0	0.0	0.0	0.0	0.0	0.0	0.0	0.0	0.0	0.0	0.0	0.0	0.0	0.0	0.0	0.0	0.0	0.0	0.0	0.0	0.0	0.0	0.0	0.0	0.0	0.0	0.0	0.0	0.0	0.0	0.0	0.0	0.0	0.0	0.0	0.0	0.0	0.0	0.0	0.0	0.0	0.0	0.0	0.0	0.0	0.0	0.0	0.0	0.0	0.0	0.0	0.0	0.0	0.0	0.0	0.0	0.0	0.0	0.0	0.0	0.0	0.0	0.0	0.0	0.0	0.0	0.0	0.0	0.0	0.0	0.0	0.0	0.0	0.0	0.0	0.0	0.0	0.0	0.0	0.0	0.0	0.0	0.0	0.0	0.0	0.0	0.0	0.0	0.0	0.0	0.0	0.0	0.0	0.0	0.0	0.0	0.0	0.0	0.0	0.0	0.0	0.0	0.0	0.0	0.0	0.0	0.0	0.0	0.0	0.0	0.0	0.0	0.0	0.0	0.0	0.0	0.0	0.0	0.0	0.0	0.0	0.0	0.0	0.0	0.0	0.0	0.0	0.0	0.0	0.0	0.0	0.0	0.0	0.0	0.0	0.0	0.0	0.0	0.0	0.0	0.0	0.0	0.0	0.0	0.0	0.0	0.0	0.0	0.0	0.0	0.0	0.0	0.0	0.0	0.0	0.0	0.0	0.0	0.0	0.0	0.0	0.0	0.0	0.0	0.0	0.0	0.0	0.0	0.0	0.0	0.0	0.0	0.0	0.0	0.0	0.0	0.0	0.0	0.0	0.0	0.0	0.0	0.0	0.0	0.0	0.0	0.0	0.0	0.0	0.0	0.0	0.0	0.0	0.0	0.0	0.0	0.0	0.0	0.0	0.0	0.0	0.0	0.0	0.0	0.0	0.0	0.0	0.0	0.0	0.0	0.0	0.0	0.0	0.0	0.0	0.0	0.0	0.0	0.0	0.0	0.0	0.0	0.0	0.0	0.0	0.0	0.0	0.0	0.0	0.0	0.0	0.0	0.0	0.0	0.0	0.0	0.0	0.0	0.0	0.0	0.0	0.0	0.0	0.0	0.0	0.0	0.0	0.0	0.0	0.0	0.0	0.0	0.0	0.0	0.0	0.0	0.0	0.0	0.0	0.0	0.0	0.0	0.0	0.0	0.0	0.0	0.0	0.0	0.0	0.0	0.0	0.0	0.0	0.0	0.0	0.0	0.0	0.0	0.0	0.0	0.0	0.0	0.0	0.0	0.0	0.0	0.0	0.0	0.0	0.0	0.0	0.0	0.0	0.0	0.0	0.0	0.0	0.0	0.0	0.0	0.0	0.0	0.0	0.0	0.0	0.0	0.0	0.0	0.0	0.0	0.0	0.0	0.0	0.0	0.0	0.0	0.0	0.0	0.0	0.0	0.0	0.0	0.0	0.0	0.0	0.0	0.0	0.0	0.0	0.0	0.0	0.0	0.0	0.0	0.0	0.0	0.0	0.0	0.0	0.0	0.0	0.0	0.0	0.0	0.0	0.0	0.0	0.0	0.0	0.0	0.0	0.0	0.0	0.0	0.0	0.0	0.0	0.0	0.0	0.0	0.0	0.0	0.0	0.0	0.0	0.0	0.0	0.0	0.0	0.0	0.0	0.0	0.0	0.0	0.0	0.0	0.0	0.0	0.0	0.0	0.0	0.0	0.0	0.0	0.0	0.0	0.0	0.0	0.0	0.0	0.0	0.0	0.0	0.0	0.0	0.0	0.0	0.0	0.0	0.0	0.0	0.0	0.0	0.0	0.0	0.0	0.0	0.0	0.0	0.0	0.0	0.0	0.0	0.0	0.0	0.0	0.0	0.0	0.0	0.0	0.0	0.0	0.0	0.0	0.0	0.0	0.0	0.0	0.0	0.0	0.0	0.0	0.0	0.0	0.0	0.0	0.0	0.0	0.0	0.0	0.0	0.0	0.0	0.0	0.0	0.0	0.0	0.0	0.0	0.0	0.0	0.0	0.0	0.0	0.0	0.0	0.0	0.0	0.0	0.0	0.0	0.0	0.0	0.0	0.0	0.0	0.0	0.0	0.0	0.0	0.0	0.0	0.0	0.0	0.0	0.0	0.0	0.0	0.0	0.0	0.0	0.0	0.0	0.0	0.0	0.0	0.0	0.0	0.0	0.0	0.0	0.0	0.0	0.0	0.0	0.0	0.0	0.0	0.0	0.0	0.0	0.0	0.0	0.0	0.0	0.0	0.0	0.0	0.0	0.0	0.0	0.0	0.0	0.0	0.0	0.0	0.0	0.0	0.0	0.0	0.0	0.0	0.0	0.0	0.0	0.0	0.0	0.0	0.0	0.0	0.0	0.0	0.0	0.0	0.0	0.0	0.0	0.0	0.0	0.0	0.0	0.0	0.0	0.0	0.0	0.0	0.0	0.0	0.0	0.0	0.0	0.0	0.0	0.0	0.0	0.0	0.0	0.0	0.0	0.0	0.0	0.0	0.0	0.0	0.0	0.0	0.0	0.0	0.0	0.0	0.0	0.0	0.0	0.0	0.0	0.0	0.0	0.0	0.0	0.0	0.0	0.0	0.0	0.0	0.0	0.0	0.0	0.0	0.0	0.0	0.0	0.0	0.0	0.0	0.0	0.0	0.0	0.0	0.0	0.0	0.0	0.0	0.0	0.0	0.0	0.0	0.0	0.0	0.0	0.0	0.0	0.0	0.0	0.0	0.0	0.0	0.0	0.0	0.0	0.0	0.0	0.0	0.0	0.0	0.0	0.0	0.0	0.0	0.0	0.0	0.0	0.0	0.0	0.0	0.0	0.0	0.0	0.0	0.0	0.0	0.0	0.0
G6	10.861451242822747	1.5202919323413595	1.6439815236415096	0.9810410927763593	3.8867316966703718	2.7520659430596566	7.884392699339021	15.283237422614722	6.039014695366247	4.238623386626003	4.725948582780965	3.8522357710491324	1.5740957319184563	6.888033375290026	12.70932029111953	2.6834147851665047	4.2471324159314605	5.346206090563688	4.29096648840902	6.117069334460222	1.1006917467977104	3.7923116844968288	3.5559749906983833	3.326711371675275	12.89141549834304	2.460802712735241	3.1107817620477767	3.6820326907174015	4.544008241862062	0.9867932893278	5.175494756159327	6.733518958053333	3.0985358196530672	5.709161067538875	3.3294324138198417	7.411125820118241	3.543391128315267	4.174632642572134	7.011541853773078	7.769511838199449	4.170564193198054	8.16529157515999	2.0544041513014233	2.9280875485868383	5.345804786064979	1.6254381525100488	4.466851545250453	1.994392756691098	8.385077909942284	7.913113857149656	2.6757466011417645	2.675057191264382	4.882405516438673	0.555931501785704	3.840719288936902	9.830928388302405	4.198596586025383	8.405146681022462	7.1747860564591805	4.941997265139771	4.519389132468948	5.9903135774488305	6.6990354778875085	7.18634810014066	5.102190702524546	5.798710866593081	5.126969321041249	5.271830089807557	7.250753919321306	8.45640827548659	5.465318607931291	4.68372520639822	9.33640092257831	6.2686469085677246	4.437253095793096	4.794011588194555	8.860860194923863	4.275217662203845	4.863740011147363	5.962250438847728	1.6719253388908504	6.627289978043738	8.72700700069961	7.857731703147105	3.5377181841294734	7.561079752624491	3.768809672890933	6.70103316300668	2.5510692932858823	8.90723576804509	5.021355548171378	4.248937693653726	5.170279274321145	4.854548447604796	4.921032142761184	6.531983084117643	3.0383882079125155	3.9694562564400555	2.9222037816565387	4.48624389573376	10.672262856034882	6.253180839708624	7.33982761592936	6.198307711033304	7.728397562410785	5.151733157702567	3.200531117027935	6.737447286567151	8.28019314275975	1.9930318546124501	5.943754498871484	7.967541587775824	5.004187555439707	2.884779526542304	2.919726362133642	9.590383827819549	12.195991404592723	5.232711859925192	6.111721757342091	2.882384801013826	3.8656952146536607	7.438966201907393	9.47282052658673	2.191761621249217	6.421917656341596	9.19472629363478	6.226306213598619	6.029940518951246	3.652380283083995	9.355205717785676	1.9786066812815069	7.785430153067391	9.348131528362531	4.880691992708054	2.89639366648158	5.578760820171958	4.782552635670467	3.0922935134468728	6.05726392832395	2.182053540308903	5.50980107864509	3.8341396853126954	1.7966551394446042	5.073401413090791	8.954894889879457	4.818338288232112	2.9307337855362836	1.908929545783161	0.5292036470372752	4.608666097465412	1.6608857512285913	1.9535091940984972	5.937318422992301	5.253003392375393	10.705115967620397	3.1751851442495913	7.084549500151479	6.553859526765115	3.933496975952363	1.9384956154989847	7.504763183561884	10.748786470094293	1.2163172747400055	6.666901603285418	6.7984568176170335	4.8515891676178855	2.5300042114493806	5.702026602534148	8.753957044570779	5.263482728560954	3.9174385933103557	7.034188768756252	9.41706595396076	9.363906300114662	2.347055156639474	4.972523423561704	4.851172073795014	5.343772438188613	7.191128544158461	2.7393881334893493	0.0	7.877128794812342	3.596072318818719	6.328118271937638	3.0248155953207654	3.0026651063506598	3.948294585260715	3.0311264564906426	0.6136743556709022	4.838320657393809	5.940390771758133	5.939851739642157	5.791498863613647	4.924009923470822	3.103893901528554	7.87179672319207	6.738991496759832	5.133361234925088	8.677763958298952	3.1910898098784695	3.892275308595309	5.352026072060399	4.744253922793078	1.754552902834007	6.702315906252995	3.26466875013004	8.05637316591762	2.95694684188367	8.459689936332449	7.352020456590399	4.648245240165308	5.335076635625871	5.189182286300611	4.994843948218129	5.818041420873116	3.817279792834125	3.301106537936808	3.282682416455718	3.399900337213524	2.952925757327944	3.950693031108889	1.5803957046600283	2.570104833866199	6.1588081453219194	7.6827368249657315	8.538757667207332	5.318245712764632	4.832909036300135	8.404802203110178	5.129740625406462	7.916466591646239	1.8178738618537618	4.531377180448552	4.8788427709592455	6.450527173651415	4.999625805507404	7.979110929257177	0.9898023543058229	3.0521855726022626	5.930970713450271	3.0807900878710557	5.192544354748227	4.342049997761363	8.860648122832561	4.007285113324591	4.01490209477254	2.193907862817035	2.7762347199547124	4.175688167556109	5.860206792476476	3.9847039041973367	6.656005965611078	6.521164081849036	8.626444622774294	3.9941095763289853	6.666432071764532	4.035253967613285	5.492061079898787	4.933471969987882	0.0	9.583630283563702	3.8499512842584322	7.539608442218126	6.400265554113689	5.82661511140264	7.8373324293314734	6.120920861596966	4.187332439340645	8.300338257864402	8.448684541258825	2.4177440199212596	3.3152195425912048	0.9791427686755116	5.760438713590729	0.0	7.899917723239931	12.757298989006355	6.761318736965154	6.534217865895429	2.863531480326545	8.680996987452273	8.79245531272078	1.9364015019452454	3.8708551000867493	7.546140308503428	6.545265669263547	3.842863789568474	5.774467751788827	3.572395071831157	6.751312247642101	6.665357176771565	9.281173424434385	7.3354666570595075	5.014891578979161	7.052166561764889	7.054387919556271	5.8031410111747626	5.677655510266629	6.221413654875695	1.1769148646314063	1.9573056154213302	6.663042109963732	5.00983740179119	4.1408188279277445	5.298054949123297	7.051406253608523	2.15753263812645	9.752276852494926	5.296019168397684	5.825464525108306	10.845984709657596	9.09777990364172	3.779195591236213	8.294129445725485	5.126810468695277	6.125853840722309	0.0	7.203384769032137	3.4375690976996243	4.99337875398032	4.654955547169366	6.381152253415617	6.409579793219373	7.724887425940305	7.427544884563534	3.4418234048491767	8.863161891999404	7.70563686835419	7.442579660995157	3.6752526320518073	3.6468615576362815	7.239087343381681	8.328321317443548	4.799735521335422	2.9872077927608824	0.9851032423206239	5.762165820808409	1.5137019408697012	5.223784042456212	3.9691696837832566	10.386604745934628	6.373254409778261	7.0113622657688675	5.44712431057656	4.137670100147309	0.8118823585755481	5.99575678199736	9.689053385119253	5.312961201585461	8.259370416944686	4.9841369478100335	5.819528250795082	7.32231995778249	6.842561843448316	6.371491774743195	7.493359898633263	5.9331430024695715	5.894903599265415	3.1327367517137983	2.257346556840493	6.643110516829186	4.829763583934545	0.0	11.028628313652455	6.906844429419722	5.7306918793499975	6.579743402973768	3.8749453290170823	2.887723334732361	7.896533665986452	5.73982386259049	3.8713126006674927	9.720443812687297	5.481438205584713	2.9436168968424443	7.170761348823692	6.0048297694705335	4.990706635163887	1.6022273886746365	3.7906848247993032	2.6027970534073575	4.949501115023788	3.643444024307334	2.913165958587168	4.814869299453583	6.374993047515571	6.277659079090642	6.797069371001	3.8260197099934725	2.588993211411337	5.7076434760557335	6.488964401057451	4.198398611563932	5.7718388704962	5.083078042686946	4.967067621452426	9.28746362347005	2.998492545779192	5.027356196598177	6.29941699525783	5.866303520109266	3.1957870527767387	4.5224932167483685	4.272416436452892	6.505955627487337	4.586662469940088	6.780879596899956	9.506227809562104	8.452116648447715	6.914804294086022	0.6626637359299482	1.931193921677329	3.7143448697516477	4.296765862205749	1.620204897382316	3.285569832689038	2.0840701164613535	9.209999850616105	8.796585821419008	7.893629717023921	6.637879934578421	1.5188932104544313	4.434767487364889	6.6301093810548295	2.785018939110423	4.715764183743771	4.687972763017411	6.021695112732608	4.979221381086805	2.3087839118545967	9.969907453701111	2.9610368243492053	4.932512695753933	6.2337247025279465	1.82767297298577	3.1863366912894424	5.471333239843923	5.833547558933222	7.136055862584096	8.216141466702176	8.830583442354982	7.627329909692156	3.4756754471696514	4.526682393525638	3.9941206095089217	11.128975769527147	6.297851199387208	4.986755872371753	1.5798355549158725	6.795521951524239	8.372668590411566	4.264298497024383	5.113460687895852	8.879578066210264	0.9939299253225258	5.935010509127745	5.924977173386069	5.496250644960828	3.3259789081401183	5.87732760196669	9.118504275555077	8.758532216951641	4.2837107196796635	4.00906897006972	3.781400659527976	5.577390262346996	5.8070069152135115	5.951701201978417	6.98252803103212	5.412683858120378	5.210012857081079	9.24731417385341	6.098807665671853	3.9346226992140525	1.5715709465389194	4.5901863353553995	3.7465773823943063	4.003719864657167	5.979830396214602	7.5913339428508255	9.667653145830062	5.043289717132116	6.287807014316404	3.8228567271414486	4.1006768968758704	7.6333563985155255	3.0208414895645403	6.03523449490187	4.2498972004108255	4.847188467319494	3.94155839895654	7.2641075343595505	7.367788991923522	1.9225228658786555	6.621492819066594	7.361421349070646	3.6871977182565643	6.351497417073136	6.838007029039064	4.865379978972499	1.6089073437643036	8.81177726334165	6.146971293882857	6.303265055859629	4.381222382584079	12.199467272869024	4.716815197134349	7.799534170194675	5.239776170139627	3.8179878589713963	0.0	2.932525373390748	11.748317623342219	8.21576466891029	6.838522538362005	2.8762410193438526	4.521908774661422	3.563278994207907	5.479599678339703	5.472130837124151	4.908491587903609	3.9588475752555286	5.3067192274617705	3.952171910251613	4.475588916008066	7.344748470009842	3.029246007750045	3.8087476131975557	6.7642680082264395	3.8736826414330596	5.444749024639462	9.368948132910004	3.96899447831439	5.902678406550868	8.417306289628327	4.050635900383255	5.7785805000664325	8.54245475123799	6.058858360134242	6.059865555604246	6.00395459679547	6.842326698104952	6.7103716514329035	4.988298243739106	11.375030604715443	9.108883051235274	1.535931386133574	6.021951355692119	9.95398995822368	5.272370381838793	0.0	10.387359390719077	3.2843983159521306	4.10811598288193	4.597071508722882	5.113536631012871	9.04256333897743	7.233176703758216	6.592338932702114	8.163831266760608	4.40590952835573	4.453732930766506	3.142191536032051	8.292890193339241	5.696866941199861	4.428164183280847	8.846522177879544	6.016896241536773	1.234492067081239	5.527951329616374	6.822659938588677	9.800540706137001	6.89407076686508	0.7722563428506856	4.512467901813874	5.006636301305078	7.9877154938765305	6.698594290606456	7.638096394562457	7.350997677725582	5.759663877223439	6.765464663501707	2.9358874515836786	5.2602754778274	8.503693450064656	2.537434439834353	0.988226271934848	6.643793937681327	6.970480636606204	6.786857275371231	5.347480465963336	6.088985184625253	5.339970558879671	3.9679340820927385	4.590742175591652	8.519247235041187	8.657111824728698	5.932050297916272	12.218366684063296	1.9781918926769126	4.700849150853856	4.937650470947374	5.84076191664867	3.203376604618327	7.284620826131791	3.767789288486983	3.6447048571900345	4.859038247460802	3.8079116188394755	5.195460832620263	6.813922673511938	4.553284677660692	4.2727228448835355	6.0555289114658954	1.7817929326600972	3.850374225825415	10.454109996884794	1.5194998248283642	4.80903189749115	6.6813670632805815	7.737758657252079	7.987881729055647	4.759418929310223	3.2439250992490343	8.950960999432668	10.841104020903117	3.0039528537667457	13.385853813792119	5.8663567861562855	5.065961226481205	6.52753092935051	7.067650830641113	3.122339952974808	5.452111390711461	7.353259281367752	6.89058913101198	10.879766460829128	9.181729608586013	6.162914562142953	7.481068223395871	5.11623704890201	6.080699268930475	0.0	6.9347910363609895	3.9348388223631714	6.437135746061491	5.68029421611421	1.702819366821981	7.817006086647261	5.272916982372478	5.971786622701604	3.9385959232429006	3.0325875162557963	9.780214716607341	4.411404448613691	4.7899404763635385	5.093007601794471	4.328271012358878	7.028975810146443	6.667502441359449	3.9021599181520976	13.608367428111752	6.176154471850834	4.873477829717518	5.797475558981514	5.006853360521927	8.654099927247607	6.90935125875223	3.5409123865555054	7.7806145593249	4.634799240849533	5.349539786986663	10.458630401483337	4.087347966216604	10.329743484493653	0.9676529176981278	6.004675916355575	10.59229991910587	1.9449874132143574	5.269583009362485	5.718571259368351	5.763959637173717	5.905658619088736	8.012126492806056	4.2787469012710355	5.851592441890655	4.203982945701507	3.1560962333742038	1.9530835449877093	4.552735503017833	0.0	2.9721919740725813	5.859997185322807	6.0659091466660655	8.601990969686893	7.9879177506045895	4.599789328542514	5.910566280486132	2.571168367944706	6.178542185939358	5.047384351087739	1.9453362256794202	2.0199852904758138	10.771115756199691	4.991876564008164	7.998456679305974	5.896643133690664	4.886003748428725	5.8325584436593205	5.53176915995341	2.2027775503506715	5.566366120486002	4.951115561557888	2.937089631906195	8.052859657978415	2.8228777556460214	0.9630864543667906	9.851251425271371	5.973690038467642	11.624177106736512	7.808883653819471	6.617682662319469	9.823671075020242	4.842670307243301	5.424702109632515	5.939415296324897	5.723629389766469	6.837672894444353	0.0	4.06746115399289	6.205377726210658	1.9383550788215744	2.547114822409152	9.068442823687226	6.124767108756557	10.31765504155614	5.896705684479243	10.765838889353223	6.0875599278210855	2.619055758785669	5.774924596758672	3.5772525806171487	10.41757898606611	0.8433177866075061	6.7163088020491815	5.443156993043303	1.9841871000638265	2.972411259702876	2.94383578890908	9.240199161897234	4.894088740247022	7.230348044698972	3.90523169431908	7.328918431991077	7.5610650779467	5.0721879587076515	5.03109974334445	1.5051141730423139	0.8394730958271597	6.2565089130827625	10.284231624272538	5.887320587311296	3.029529995540009	2.2307282836931357	1.9662126692642103	2.1432610149765656	4.761204395176585	5.960594086858517	4.797895389422877	7.14011787430205	3.9883832298628494	7.4559060570669535	6.082741505980948	4.667032389503695	5.6883668579734366	10.951330069927447	5.236189956875822	1.8789375884848665	3.5220247448562576	2.779109619005601	3.1469197846082566	4.41614501458753	4.203271926720035	7.027756799847435	3.9275690387765905	6.856997262737771	5.191965211427572	3.308932406447913	6.106924001620302	2.196655971455647	4.25230790564366	6.394371716496388	5.704219770364249	6.368868281247876	6.403543411895133	6.860085331346148	7.308291086405713	5.905372992715605	3.003358618920756	4.294706531320473	1.9716455621082927	9.804346720618366	11.040844846574222	9.713601783847453	9.63687158534338	2.6715696128675543	3.4206640179930554	7.787684560741196	3.2617755497983394	10.760380278772178	5.2715795238390495	11.049246480433512	8.944883789878352	4.410073175351532	6.942208249436348	12.904191730225564	6.650138028625818	4.238331394222844	4.621169659585534	9.323456031790638	4.963424814951225	1.3191127495967485	7.099375010302334	4.931869588387517	3.2668308044899286	4.153921780145897	5.738198097718012	11.714096776214125	5.190304324221337	0.9756883539509692	6.740243138337297	3.7601704316704	3.90072170378674	4.012331065402096	4.285287778861157	8.346207473383808	3.9243413429738156	4.672081404294287	3.5176528299075835	2.419679452842026	5.617034525259994	1.3535033135758032	0.0	8.987818170741294	6.058789513779766	7.660116211655704	3.5694704546987324	4.654079884498281	2.378944535845571	6.898830705575173	8.676505756334876	7.830644914159256	3.8529654905176436	8.233528554412413	4.757797372652724	6.9531965890250955	6.400708726010539	9.579483286476712	4.905285198006822	5.1858409576102895	5.007182441244127	8.991578007122449	9.325592079250194	9.283225233459815	9.74525397797871	6.96730184189744	3.0827834633276363	3.7664246902931353	3.204858424090678	9.25825699165177	8.499946597797488	2.536875150144111	7.500679149212137	1.250862103208707	4.9993293317591	7.8525095166327405	5.522967191599692	4.361667470528862	7.0386445003130795	10.197937617532864	3.869065318934362	6.0463495348327605	5.02627234048934	5.9416791181933	4.112528616347798	2.9041433024721393	3.372321161740825	9.1260807804353	9.709899467625112	6.035368215829163	7.912166080396489	3.9120044875324025	3.326763331242231	6.699528483921784	7.469616529395347	5.199995750214581	5.28662954954006	4.618382196960349	9.466712893193053	4.71741715202875	6.885170276892897	12.693108913308237	7.897062030290877	5.5101075807641235	2.953702739596374	8.766301698114402	2.9347100148533336	9.788081210056268	2.0691955070946757	2.849885860235836	4.610604564174494	6.437407842880828	0.6352277222125413	11.888394222637213	3.456839505943398	8.990627152959563	3.0416583081943593	8.910905936329993	2.935742670828602	5.660020850575124	8.175327545847878	1.8463409345170574	4.918003463545046	7.642573430671671	5.669184275652383	8.969661902367031	5.901400910988574	6.00143375588075	4.781721422064006	6.577623906854131	7.99794915640396	2.5443712800048512	4.387452500834441	6.136361311263564	6.479182759766251	5.702688659245694	8.819495737688317	4.556840989418579	2.9396474355651194	7.582245782348629	7.35825882940282	6.082893658620052	5.372274663786755	6.512629082939894	3.4244213784630877	5.44889008728545	1.9793132320374882	5.982904699657786	6.553566886980324	2.2634838922640648	0.9868626601858562	8.461977639402868	6.486939436730453	4.621422151785881	9.909310291604204	1.1031494512608562	8.127693091073361	4.909664922262501	5.247103186870656	6.4491586644879915	5.760955001561903	1.5674085311679387	1.9486935030933277	4.916963481995996	2.385747495640052	2.0872207499184676	5.920275220091315	10.504506043803238	3.868758547719365	1.6584858818622148	1.964294537351314	1.9507067217434089	2.729957505331442	0.9925536841265451	7.424243963385798	6.969603951185378	4.8571306228060305	3.781089511446847	4.854606345482329	5.884861901058723	4.543571814293487	3.384289211467247	2.6466658426207563	5.005535340419707	6.655684799971494	10.358291185302836	2.6250666702225978	5.022626811339857	6.806180782145528	11.285281632892016	5.307893080730691	8.840164507299752	3.724062126055632	3.9170137264174167	4.976186057420245	1.5739215291865052	7.07786195276307	4.868181594733395	1.891062091110255	4.847552670160399	3.550526957699315	7.289953542072159	1.9711985411317616	4.0034947604440925	2.916053748159948	4.087964237265637	1.9403071573316875	10.014611302413824	6.915498259620387	4.953561235629777	12.293786822903177	6.76601779918634	5.245531361321122	7.7716190622125465	1.978509604561074	5.494156410504108	5.52885276239561	1.574142084683069	4.779599435863015	5.315435542385811	6.376191224252284	2.8985900460416194	5.71597414402528	5.274825921282716	4.699671309335473	3.5524636360668813	3.790192751748619	3.918202044573107	2.477582875289146	4.340744536745229	8.783760118732278	4.059056045856397	9.110397880016043	2.9095514760916203	6.813950675992881	5.332341056867059	2.9216616940041438	5.850221990720438	7.230574077063587	12.135491776843562	10.465490898099114	7.356219423464801	2.967128990461168	6.026033073131546	5.694478578157503	4.86748132058125	5.049097303041012	8.610664537737717	8.483967229950473	7.7088271797077965	6.832700282914475	7.258648629026853	5.12331314240524	3.6430730004906278	4.391565628870738	7.343566057529456	8.251904408296221	1.0623978231296194	2.5735182895190643	5.492859887139716	5.801934829049517	3.9823253564067467	6.324455529382922	3.8913665470613763	7.830913468864711	6.020588994376245	2.9530469743263406	4.8747640201239975	2.2302643112067564	1.6489908720640916	6.856626284598355	6.9816562446387715	0.5960627511009284	5.788067069817941	1.946390638910677	3.94503378495956	1.9275271448533136	2.3200145352213752	2.420019265573506	2.4922258061293645	3.1160452959870573	4.450159870157232	8.100565290500922	4.953722410260941	5.840728738538904	9.336647875870858	3.0303455327605495	2.1935951600296915	8.913511654408952	1.5018482461707823	4.2835435526068775	5.853906230239122	5.685996844580653	2.979960675083035	3.0781201092707757	8.446044652976026	11.189153344568398	7.675653576242939	4.882474284751203	6.405552666739151	4.820077316798912	5.3862388872581795	3.844038478511447	2.68895299511682	2.9382209339133722	2.075389369095957	2.8731578568531506	7.557422142174389	6.83423071166909	7.111462697679716	8.818768498616858	6.526246205912247	9.211381997380835	7.089682572596809	7.447541988381712	4.647235372821506	6.905627755183563	4.547579867976304	5.40666898280206	8.822286614683827	4.020330646426142	5.115137296541924	3.9834443384918394	6.678995671910682	6.936937282246299	6.42249095398068	7.895248631671784	9.554888942893898	6.9060903917681316	10.888478321040662	3.425228124906327	6.766982706633761	1.979885504854491	6.269245517238668	3.052526325418228	3.050317865922706	7.855766230416666	3.8930308000411404	6.699457648245847	2.9783140989872257	2.040600840626495	9.64311127322322	6.05939733432961	9.33879887177465	13.827920091697996	7.294462945727536	5.448631671685083	8.854252662573085	8.537751589979932	7.500610492377385	0.9680324258951917	8.479762532900335	9.050347206414653	8.31092707736889	4.669825454055922	2.4892853966252395	3.349829089387546	1.711949278035935	1.396975817150148	7.9123236116991755	4.532126106982195	5.5165673918080955	3.331770895061996	7.628299078129841	6.542734549407527	10.525889919855016	6.636024856531976	5.948668252866699	6.987590856679138	5.8815091650702325	6.052040214619765	9.736947929824236	8.318049704333731	7.361855416832867	8.514205597063494	5.115157201525369	3.9103865697948335	3.9914668364963752	7.7677890311452	4.027131032824653	4.809802329164787	5.835699389008002	3.4293719384367933	10.549630332164163	6.647438313938673	8.33035079594477	3.5210023269557054	4.507301151810568	4.741009629782684	7.136297780726146	3.8227023639094946	2.9351333268261652	2.9238281205123133	0.9877895568534771	6.645874321050256	3.156257034113235	5.046579973525505	0.9700717134862857	0.0	4.932169762457498	8.253455443825507	8.498801152082578	2.338007996117463	7.859292972160066	4.304868684873668	3.289603512344383	7.04484705372313	7.863481639362569	7.653722404695923	7.742717496337587	7.738248066609206	5.510134403666721	3.2943554219479716	5.649258461118729	0.9768575634703631	3.880224746764478	9.867581375871506	7.21108540506616	2.5517385499801706	1.1406378979595329	5.286395362056484	2.892170749712042	4.603969295775374	2.5542788988239846	5.351713727044422	5.006493891847855	3.9564539405967114	3.932498222599944	2.243636349230913	11.79890989383085	0.9579742086901103	5.890901759146384	9.135691336596283	3.4920957859287407	4.753429890951036	4.740524189337996	4.587827518229485	5.745812497757532	4.014052998777944	4.44400921789494	9.38348694219089	7.596247953015673	6.9067043572348865	6.5281138375638585	1.4246859588643852	2.9792349379406478	3.7856304956594498	6.678194798572702	6.336873343498055	3.8534800936202216	3.9505014661915747	2.5797026400477896	5.284836416016438	3.6047304906797684	6.661886738396903	7.107494619655016	4.697172741414154	6.480098287411716	2.591480242194761	5.931904275456141	5.874579759462402	3.203844594504409	8.932555119282217	4.256853090052937	0.6622683851914126	2.577148035520938	5.005487539377457	3.268558596520971	8.669698047189414	4.009382204677568	7.270345949933988	5.750583988353626	4.015241432058528	6.97392177584205	4.1458729918448025	6.736953588364976	7.9085495131995955	5.867237270721477	1.9486112664526336	3.850510496039628	0.995010932834935	2.5016844782019185	3.919922937977795	2.5187435668778813	5.365277449143658	2.9245508623540792	9.51436973223983	8.954060029524886	7.057114771198932	5.435583514449915	4.489039378412202	3.5914258905521113	2.8743816033610288	11.160475131916355	3.7063426623115143	4.013959508384228	4.246412378795982	5.643001157135312	6.340789178932352	0.6077151799492096	5.212536089559711	6.618743392395297	14.886421860136478	5.443621331689868	2.509882179627586	3.11173416308067	6.776092171095345	4.26823387909069	0.0	1.938959677550649	8.214418916478765	6.042806843958103	3.309851295123666	5.557020804101443	7.919722631409922	3.8852631933731248	7.549496418018511	2.9404779099572735	4.120821387966475	4.9038931349767365	3.5776341319299685	5.00335123668311	2.702718083183518	5.5801897466684105	6.6326148364410065	0.847336083401162	3.2613862193882452	5.310344042246631	10.903746004111182	4.984457333164594	3.138103629614049	3.887037190305724	5.3307312114395105	3.33882344589389	7.675836685983191	6.740570833682883	8.622592593505331	5.269772827417187	8.657698006724488	2.0880653879750044	4.405425304484485	9.72017763480962	4.942570344843151	9.395293335822071	4.946950731253274	2.878928897930321	6.507026378062463	4.428092754582905	5.2064803516070075	4.176798324064087	5.901882164605963	8.691665071261314	5.335243719311654	3.302488057347361	2.0286699050643615	7.561853375119103	6.479914897024517	4.278423463130306	1.7051281693847355	4.891708746191914	7.638091025261305	4.876840161215263	6.0754799401407436	7.473844139105825	8.764121168158232	6.827674818707794	5.127820110424337	4.24006645293833	4.819928510178889	9.898329887876665	3.8836160464320995	4.3581889945234344	8.8240085836396	4.182247115128161	4.108708394648488	11.777348169708713	8.63291787296148	6.6639395205228364	5.127063662259491	6.773184117199381	6.792508523219551	0.0	8.237913298341255	4.753017922314865	0.0	4.40069664483337	6.97826140685339	2.2681651866890946	4.712384705404986	3.954720558208876	6.823548049037493	6.402148249878386	7.914493629946773	5.0597406150057855	5.724201829960699	3.9374140742260786	3.6306629383744546	2.369035278009193	4.901771283023755	8.763558774819385	9.88617162930053	5.045446810527442	8.008596135892887	5.73232397210702	4.499341525916957	0.5085357630077464	5.682935075887234	4.4812167108590675	7.058021443882051	3.4174351878221856	8.354272005528399	4.165713025068363	6.756315598038643	9.154868077886139	6.080592501039463	3.129238587620104	8.64349594464091	5.147252071469648	8.093461473485403	16.424999423196898	8.267944522650378	0.9961264278232069	3.9672889700042746	7.109271679749469	9.425483257946608	3.727596792241543	8.811162039104314	1.1864062535650017	7.941482657524736	8.864996151751255	5.947152751953038	7.10957269559913	4.932597992287909	7.149978152624134	6.197239053045676	3.002804564438978	4.416349723336463	5.509741090330547	3.163540117947897	1.685135603825876	9.191525299417489	6.189440304148915	0.985481783963891	3.9168964714417727	6.432654779643385	2.138009486445727	7.846545819007993	5.244504734849314	8.837693610918564	5.63239647932565	5.7641431868631425	3.6116370476045283	2.56883996624978	14.673513259094495	2.9890264930812287	6.073805917701787	7.813054597326575	6.111745916952468	4.99828297597844	7.243223228712241	9.337897422219376	8.677867381478391	6.272003806609462	6.817407960639178	7.4340912407650706	7.941432061806049	5.892898463514783	6.54305372374718	6.223558450600055	5.73351644157453	6.077270544508709	5.513434372236426	12.153377608076854	8.629647215255194	5.016608319552152	2.4814805256254586	1.9127901969596366	3.181429578672416	4.6657190806074835	6.277844956421508	5.944558317726126	2.9953076989190413	0.6599408088775373	5.345641383813905	6.510579825657615	2.949536858455662	3.7793082886532603	4.395661803555091	7.516437011347209	6.687544237823576	3.9979676556376442	3.732342511036202	7.563895010739136	4.915827906117236	4.608122813424291	6.792026645595854	3.785911414268183	3.188322007152243	6.0976609250965295	1.990992314642438	6.220072864420866	11.769775024083012	5.90292532041148	5.630091137255711	0.5019785998787075	3.588181800034744	6.320470641952997	0.0	3.854379688846046	2.973740352561961	6.255508926074832	4.004518644702978	8.531443521412397	3.979260627133539	5.807391958528474	3.8760019808151376	8.975881955746933	5.042114400574532	6.168386134028942	6.653627438800568	4.546543924423646	0.0	5.190544215445784	4.328979441914448	6.072395714665517	3.2973859940337134	3.5106627093621587	6.870343482887488	0.0	5.581316665637689	9.290346679971321	5.606133472109925	6.646612182460465	3.438261689286987	4.913622101551322	8.419827980885163	4.184567208186934	6.626889543572264	3.535304760837629	6.018040542474193	2.930756738381558	5.1000352637799775	3.9432718441472256	6.320379703111218	7.191938359723532	4.753783513227769	10.004713465058943	10.090237641090471	3.1306040925793592	4.9045114128454586	3.7199931324363256	4.22494032083737	5.192386807571161	6.029417671580019	4.537043738622321	2.685712914156827	2.3866456059436	7.236911913652705	0.0	7.76555000875617	8.888043820834362	4.126478318345691	8.836065023747379	2.8246068472554673	7.313279907215582	3.901323920929749	5.140990709625312	9.325716502339967	7.235602103833647	11.6698263328955	6.440746353145207	7.357043416861534	3.8986265056040454	2.8378099591924753	4.787648165055728	4.963683836246776	4.130981111212436	3.571894820101431	6.12350944656065	7.663456334498076	3.7228232267217427	3.428905791810467	5.045074793700947	7.871530253440512	5.731079169347757	9.343901569736136	6.742884088029896	5.676397223944608	5.220838039342663	10.044092887452168	4.993018090230149	1.9502406979124383	4.18309264150112	4.452234056283494	2.2702537358170454	6.2461122388599915	5.766158691331007	9.488299993310896	0.9729158666210156	2.563815077942756	3.202227994344977	6.81539156050506	9.78748570531273	4.774873006587194	7.045151962076998	6.675405437758091	3.2036539219604117	4.193943310386687	11.818703380707493	3.53966321749915	9.147246165924543	7.025838467480285	10.887545331114849	8.199157086915964	6.704251625490145	11.715397305534154	5.532398828965641	4.912190722105623	8.93701748042272	4.048223435310953	4.312231392964154	1.8757020499547914	4.8105797933341705	5.440943827680798	2.874300637307483	9.373894829098303	5.166333239807253	7.780454362000538	9.322215290410327	7.794659292348378	8.411052617936086	7.780710206086455	7.748450112106834	2.9304179068174037	2.1027597942984224	4.394341681887387	2.275127723826668	3.654017572272745	3.4678664197414992	8.690338940419286	6.362910166410201	4.480461938088035	0.7768570825189203	2.867692477942303	1.024104526700126	4.113870363939996	7.874680272598095	5.36997061547841	3.8411251849859567	1.196984855794466	5.882760470064324	3.812405085432713	0.0	4.292701763618341	6.554578240940555	5.510333681213773	5.554435089846602	9.377319471413097	2.6446821873119415	7.304865548673453	6.701129936651478	2.6817847110287207	13.936440288998343	6.578786876073559	0.0	3.0644964107443076	7.469611747649692	4.992903313841458	6.99067698330792	3.917945067053518	3.8550693614370357	6.050550185878169	5.170450437961327	3.869945867393034	2.8441998744946715	4.702476707173114	2.4255973273748337	3.873237865151026	7.6238803374779165	0.9695551810108805	4.040416793600089	5.217173598371614	8.94294939632228	3.9081609818236873	1.0924405696085144	0.0	5.404503479731862	1.4111253280104763	5.833565267293205	7.252971438464383	5.630706568332133	6.243144548157146	6.63577816523326	5.674357348690375	3.9279888712667845	6.723842807392315	6.034291229018148	7.060066212520141	6.994601804857403	7.779435940784332	1.6815201468530683	5.738878651973148	4.05465017485936	5.805725742078867	6.845117422476753	5.307098336008756	8.277026501147063	3.091419783549274	4.8958517288902845	6.390393964387865	5.3618109935060945	1.976647702023872	4.985449399942814	5.946464846146847	7.85301871221402	4.302572538156035	3.7338434798182303	4.240728659829016	3.9545094006684667	4.629467240020208	7.024346014140499	8.696694941293186	6.778588507359115	3.9153507187383587	3.7994107647466855	5.669786934784305	6.560020688000252	3.213165238426707	4.4377400599739	3.829445044704603	1.0210668064543267	3.2001799863746068	3.5258895789394304	3.710929892067777	6.189028032743462	6.446071581951889	2.9445396955294765	7.933219269391759	3.902558112376503	2.5113038845799793	6.934079708148818	3.959240991340222	0.0	4.644106462953647	4.223660738964159	5.121356892105639	5.8470742994633245	5.925741306703435	6.310610854752319	5.409991659970669	4.412118749798527	4.668639204917347	6.885113991390595	7.535265216895452	4.90105066470891	4.029584904239487	7.8947135825179675	4.149672411646836	4.917550433768899	10.053694734127408	3.9876585894218963	1.9382970717256662	4.192560056034298	5.006147984805701	5.273075087736929	3.88648130407567	6.2467631350397275	7.046962583463879	2.9397974356895955	6.564395980301768	11.01432743531875	9.790617868669184	3.8245403335540344	7.699756964582533	5.835305238304783	4.815519009690942	6.28798661520948	6.172258106084491	5.246800924520259	2.42118131450459	1.5894995429726348	4.519555587667174	4.147557530362413	3.84811544497457	7.561164154200848	3.3720396338114247	6.484811469193256	4.863670371557368	5.6412997600316	7.129989787980111	1.9615051744135956	1.9517452288107897	3.589087156484476	6.395291457073969	4.410329604327608	11.024413592977028	4.0426384272392255	5.536802447007279	5.019310346214931	4.271893122263686	5.035422172393615	5.7184447606436	4.164029940656605	2.9281310238334948	1.9867100697486184	6.534587124091738	4.537495582762915	5.963608975331411	7.417809888435733	8.791983654781568	3.987014455497616	4.868103343591881	7.640766897800485	9.095474016586422	9.92625313827393	3.1146382932216117	4.327311081404931	2.5227832307868128	8.964621317235503	7.762452826489328	10.14369906607337	6.552049615318885	1.2988016189514053	4.428635186199796	4.843044040314498	5.65003785555872	10.602255377481525	7.441305595177414	4.918971020196927	2.4857265181654693	3.098564479052371	5.896850509458524	6.524653975567249	6.284230226483115	6.345856051496395	4.575459637197843	11.014663772274659	8.347792087577755	5.491952160360621	8.643853176153618	10.634708140904744	1.628016260117034	6.060551421106759	7.328666613434152	2.8510146010712205	2.117059140644713	4.001015444250536	4.270212705633417	6.051192506962898	6.537445135562346	6.905102720681758	4.522858944295602	5.278395455590112	3.244147772082093	6.512383418205453	2.4068656898641363	5.314917187174875	6.234086276948794	5.613007194091559	5.830062248712953	7.663960587813085	4.906300419006056	5.352033093646415	6.644638132030122	5.310327602728721	5.168724134758661	2.3396601088973137	6.273187166981156	4.803214899305642	5.0107484211183815	6.614869138129881	4.00324344804859	6.237826113232153	6.056618065183122	8.191710091044206	5.801004442073699	4.550949806246119	0.5420192683910726	2.288193148285103	3.285681513886641	6.179204483050843	5.754392948859217	2.9314246697481083	5.93059841062463	4.548942963573954	3.0028107727618703	8.72523815991927	1.5049574693101788	2.942529879286316	2.7218897997449725	3.4199798134056114	8.314126676513462	2.9547375632017747	1.9588410177678868	0.5213940387491955	5.489036666468156	7.2763843671234865	4.84125685813028	7.862003928407087	3.9305675022707467	6.78359452678001	7.152578051093768	3.964562575850719	3.18127780110566	2.547011442755483	5.1837026020302455	2.4362041326818886	3.919668731762214	5.287403313603159	5.034822339171899	5.220578807758865	8.880459198543553	5.631445300863888	3.1816300590859763	5.220731583819017	4.549242022600303	1.4302517534732226	3.949655806769157	6.157653293556587	6.606123827038668	3.8903224807395267	4.268616215206502	4.775547808728194	4.090708229538705	5.133184621000108	4.732143954459359	6.271431781654868	10.695422292563016	7.694732260035197	5.014589096379264	4.247491933655898	1.949027975517506	4.490994436660298	4.51712150717811	7.651726756500002	7.710262236866686	9.567558919941087	4.713419954750865	0.5204653141662651	6.179206521781999	2.9268989674460935	8.433085229726386	4.4108372162975495	6.470959956703733	4.709058991043157	3.8519524160807235	0.0	7.284627611496245	8.891202541107841	0.9760150657748798	3.492428623326189	8.56895860578623	8.073243811795196	4.374901235276545	6.12054742206587	6.027845804864915	1.2305704151742085	3.53998695134505	6.387327719767401	4.821306805824163	6.26621639190732	0.9724721917943736	1.0084828934610621	2.176923150786743	2.5570894366680084	4.978043165744832	1.9441293401349875	4.837265282380822	2.8522562958893305	7.580693238671388	9.641629734897668	5.554939137140434	11.394819962349768	3.9075396833571845	10.945965662394913	8.3381643578512	5.648111200190747	3.1235388551555445	4.627171649751019	1.0435480936753034	6.782752145237079	1.990369528289673	6.282101511272951	3.3049904470113343	5.047371110154923	10.778625276556193	4.3017992672533705	3.885346752817633	6.10260836488137	5.516137805610447	7.008825081491017	3.706293767790109	6.066776169684237	2.9269807146138938	6.52336747197021	6.833301133891591	5.007997592426577	6.288129592059509	2.7633101823960016	6.048618548142256	4.88616951141725	4.996292195673122	5.972875475833023	5.665563308058653	8.235110362303573	6.581056551376144	8.44109451503294	0.9926060145684285	5.978930355897544	8.675615088188488	9.690106482083555	5.8661059905254795	7.072619454763013	3.7752080354751683	2.9240486945964017	4.937992694348584	9.84084088815721	4.363298494472337	8.14467276921871	6.442614964710121	5.584490609552268	4.878485036998372	9.665053584152435	9.78454701732204	14.100819088896026	6.167800846319031	4.792171130242678	6.192375950309648	9.702621493875524	8.218679599351274	1.614536668303661	5.023132330154686	5.046334814646098	4.643297991588935	6.172070229515521	8.481542499480607	5.011220479206168	6.337245056483337	7.811104674357077	5.19940046745492	1.5206639995911173	3.8777681771375043	6.15776789867607	6.972836225799505	5.899584430317756	5.899033170648715	4.858472134815647	3.848237437912551	8.545997425379158	3.883040440954866	2.866206791521942	1.7769437741480234	9.941030129053887	5.652704693642193	5.157475646071096	3.3803831592797313	6.988025469382717	6.499038465172219	3.886791159451854	5.668363685380365	6.134899797456684	6.0121265675385125	6.592874372205417	4.716703010851276	6.048901855424386	4.723135775276294	4.178583137043363	10.577428257739124	6.674698116085156	6.515062794732036	9.443873886740247	4.904581063105345	0.9848834430584451	9.279964412087853	2.054731437164711	3.0659739857752624	5.557335117724657	1.987927982789063	1.1589008763126754	4.942882366696739	10.270746397655747	3.9123730569147535	6.039643451208602	4.653844495106112	5.719685179440735	4.205074057275024	6.480907359536339	9.15290369034452	6.030662763889291	5.831197281331584	1.0392720725601496	4.300562836704524	8.611093243146508	5.337252209409736	4.726984776107241	4.93356069715763	1.9166529430246073	4.975918563106878	5.919966447839213	5.9351857521563485	8.739382605583932	2.659210430524313	4.246992284881847	5.049715515649762	5.718192718520807	1.9656159359792373	3.9551434311183495	8.043399985950925	6.392414857256624	5.186612844172379	0.95540764105605	5.009782922423649	1.0318719357882669	2.576431616565814	1.9365977325826402	3.890152595613603	8.776230276864403	5.39171609103709	8.496230823662344	1.6557895763496777	8.871622332086751	7.177490342641205	7.556017717346351	6.0604872079528755	0.9610097350871758	7.007915808544339	5.556467207178636	9.599549414055717	5.272202754826684	7.30515452611357	6.525226614545433	6.798727172941804	4.2354530525574665	4.151882713949721	5.480768390367922	5.611642176578047	5.91734912052212	5.863362266843779	7.290977223595091	0.6238064075792826	1.9482328888218658	5.729560433647018	6.55314274952425	5.727964701747132	7.441400892976446	2.8268762862134076	5.8677449875121575	4.600509487025363	4.921697254088922	6.997517524465799	9.714545892530552	5.637783725267862	0.9754312946038	3.672358823312567	5.8324591768381655	4.217231795380452	8.615289378057794	13.250898547663436	8.300552587477299	6.030092176663555	6.864381732990297	4.4456097772405805	6.79949572515044	3.9935953715610855	4.183037351267351	10.886891608600703	5.271151936319519	6.06926167658176	2.9397474491384274	2.7710347455726954	3.910292420846268	4.055412325010827	8.777543887382892	3.6512675904473135	1.920085400677764	5.5697160048136105	3.233940745028865	8.79235805819892	3.318535820534373	4.784455899420852	4.27624085828146	4.3055430476306595	7.5166336793747766	5.958200961943089	6.4370564515576385	5.694506418039026	0.0	5.018419985695747	9.155764652371635	8.96116219425406	6.048169889309276	1.977831685174056	6.3602780413663345	6.130294563568212	4.75962951823713	6.17871409232968	2.301108141740619	4.071073715537196	5.054200569523972	9.073424292997876	3.931729460141287	10.30450347227562	4.8422095939187475	4.38200032669175	11.04231678337946	2.232471358726184	5.771303212271719	5.73851554273758	7.879099744736355	7.422965886726232	0.0	8.355683009718318	6.834446473741699	3.123499763454262	5.948606030707661	6.295713137947	3.458340630364534	3.8536018827238325	6.666585644453324	5.328764339563568	3.8279100083804694	6.015469636440154	12.15130412257169	1.9356077444055462	10.389143309952443	4.9433633064236995	7.906593808323394	3.9027866483564626	4.910677075292309	3.9157614892522634	4.678220974934761	1.5815062307739984	4.839759345647407	2.221364409330939	5.049177853525314	4.5688139348099615	8.569597783711298	6.107010308724967	2.8455621114839023	3.3621105107464913	6.903249548605712	3.9726897543691138	3.8802049323208005	7.904256977350583	9.733449935047624	4.782938595616794	5.610824205834265	3.5489797424188785	3.2845756295975024	6.451427458109814	2.2824994180368896	5.71695735178996	2.7354546895658514	7.403441905492132	1.6706907613543533	5.838395625425236	6.577304242806918	5.350760641227498	4.808356299572219	4.902681912501296	8.443618201160541	0.0	1.3127029020780543	4.995555084989335	3.0380424863744735	8.718455382617389	4.558992005496063	6.887570458758848	7.570405450020369	4.6351228837425165	4.968711525579968	3.2990112182647127	3.870687700976221	4.921535629950319	7.25651156656039	5.896472945330921	3.9000160279320633	1.0063040540673733	7.702304017252635	7.085906450218745	6.034516210746001	4.867016051599818	8.97404456940935	1.5835592978011739	4.5218688323978755	5.13515463510255	10.542494173667079	7.009417053871834	4.303096574702757	4.87981871236336	2.8370570367174563	7.502744287613303	6.163504908737452	7.930974146586805	5.38959568602738	2.9401460360991387	7.771622596960713	9.961953965986092	0.9817505924024387	5.006204390542164	2.9518350694959845	6.525736034837044	7.371385593974417	2.4863320086119485	1.9992029263341984	8.709968002516073	8.462025022377166	5.822913062477763	6.477388063118751	7.823008053870798	3.2047916288026186	2.9427319030321883	7.812972148200361	5.389317696842761	5.527699039599827	6.284614225453854	5.234199914950303	5.953281602708631	3.750621695807408	6.94690632736867	1.6366264765689482	5.095542258355213	5.427880268930144	5.7612447565486935	3.917855482959557	4.953991125282161	4.691444630492638	5.631701231168993	6.86299583272071	5.2702517964898945	0.5577561914102568	3.864263941049564	4.274753148722701	3.926118369012456	7.11488739714081	8.738632920413808	3.542756985764772	7.9342630062309585	9.90563075320322	2.189407986450616	3.5105631205957613	5.2991827561902625	5.653258777353523	3.2380291225540145	7.7341553187592185	3.8235422113757065	10.14117956490252	3.9089804523093576	6.433507333583072	2.1986112132829376	5.5436890068608085	13.40631008856484	4.858468974620718	2.752599506585683	4.808318719781064	4.505977562111498	6.927077556434099	5.3456225923844505	5.7585418350279465	3.5652710416107674	4.8547754705894155	5.247794193420794	7.038460665982103	7.426760663918822	5.353064504372993	5.914578281695392	6.5396742745912135	3.6622549236265094	4.238250061236878	6.204877796925336	7.229903516941342	5.348945350420764	4.994019756411457	4.989283363183823	6.87943042956085	4.860010305742313	8.575635165729508	4.929186238138248	5.7699465023347765	0.9629824091339492	4.563591570076135	3.8089277196279534	3.801873353429905	8.552199662304194	2.940445843539108	5.9234508313901255	6.395287481602141	5.912264934225803	3.1521280220373495	5.087253125525071	6.222966410005248	4.250153544568844	5.258027559632897	3.855210393116319	6.224904404548955	4.07779627665739	1.3394350084757642	7.556266295753716	5.980441452751205	2.6936569053871797	4.819683606538818	4.620719557817296	2.8732937417537974	4.751685270772273	3.3319722046652713	6.071634681504972	5.605330941806674	3.5378968106428736	10.935544288148328
G7	9.413257743779715	6.841313695536118	3.8359568884968556	0.9810410927763593	4.858414620837965	7.155371451955108	3.9421963496695107	3.8208093556536804	6.039014695366247	7.871729146591148	5.4010840946068175	5.136314361398843	5.771684350367673	5.298487211761558	5.865840134362861	3.2200977421998056	4.2471324159314605	2.004827283961383	6.007353083772628	2.446827733784089	5.503458733988553	3.033849347597463	4.741299987597844	2.21780758111685	6.44570774917152	4.921605425470482	6.221563524095553	4.418439228860882	5.553787851164742	3.9471731573112	2.300219891626367	4.89710469676606	4.647803729479601	5.709161067538875	5.826506724184723	9.432341952877762	2.5309936630823335	0.8349265285144268	4.908079297641155	3.5315962900906586	3.6492436690482966	4.082645787579995	3.4240069188357056	4.880145914311398	5.939783095627754	6.501752610040195	2.791782215781533	4.985981891727745	5.160047944579867	2.1581219610408153	4.816343882055176	4.280091506023011	4.882405516438673	2.7796575089285205	7.681438577873804	3.0249010425545864	7.697427074379869	5.348729706105203	2.5624235915925646	6.795246239567185	4.519389132468948	4.792250861959064	6.6990354778875085	7.18634810014066	4.373306316449611	3.8658072443953873	6.835959094721665	4.612851328581613	4.0281966218451695	6.150115109444792	3.8257230255519032	4.68372520639822	7.688800759770373	6.2686469085677246	2.773283184870685	8.218305579762093	4.922700108291035	7.939689944092855	4.323324454353211	8.612139522780051	5.015776016672551	5.6077069044985475	4.908941437893531	6.286185362517684	3.032329872110977	3.0244319010497964	6.909484400300044	4.020619897804008	3.401425724381176	6.927850041812849	4.184462956809482	9.028992599014169	5.170279274321145	2.9127290685628777	7.733050510053289	7.348480969632348	3.7979852598906443	3.9694562564400555	3.5066445379878464	4.48624389573376	5.746603076326475	6.253180839708624	4.403896569557616	3.8739423193958147	7.025815965827986	5.151733157702567	6.40106223405587	4.491631524378101	3.010979324639909	3.9860637092249003	2.2289079370768063	4.552880907300471	9.174343851639462	5.769559053084608	5.839452724267284	5.077262026492702	5.420440624263432	5.232711859925192	4.583791318006568	4.323577201520739	4.970179561697564	9.91862160254319	8.88076924367506	5.479404053123043	5.619177949298896	8.428499102498549	4.150870809065746	7.75278066722303	4.2611103302646605	4.157869207904745	1.9786066812815069	4.865893845667119	4.949010809133104	1.9522767970832215	4.827322777469299	4.781794988718821	5.465774440766248	3.710752216136247	6.05726392832395	4.364107080617806	9.445373277677298	9.585349213281738	4.791080371852278	2.5367007065453957	5.698569475377837	4.818338288232112	4.88455630922714	9.544647728915805	4.2336291762982015	5.376777113709648	3.8754000862000466	5.860527582295491	6.679483225866338	6.753861504482649	1.7841859946033998	1.5875925721247957	3.9358608334174883	2.1846198422550382	1.9667484879761814	4.846239038747462	10.006350911415847	1.9543248127444168	8.514220923180039	4.848655711480304	5.229582167397718	6.064486459522357	3.1625052643117257	4.98927327721738	3.8906475753647904	6.767334936721226	6.267901749296569	5.47103570903264	4.0358854088403255	4.406544141230429	5.476462032158773	3.107827139726065	2.910703244277008	3.2062634629131677	6.392114261474188	3.287265760187219	7.224957993271386	7.877128794812342	5.75371571010995	4.429682790356346	5.041359325534609	6.505774397093096	6.909515524206252	7.577816141226607	7.364092268050827	8.467061150439166	3.960260514505422	7.019824783213458	3.474899318168188	4.30850868303697	3.103893901528554	6.297437378553656	5.61582624729986	5.133361234925088	7.438083392827672	3.1910898098784695	5.560393297993299	3.2112156432362395	5.534962909925258	3.509105805668014	6.143789580731911	4.08083593766255	5.577489114866045	2.95694684188367	7.158199176896687	6.616818410931359	6.972367860247962	8.891794392709786	6.342333905478525	3.9958751585745036	6.7877149910186345	3.817279792834125	3.851290960926276	3.829796152531671	6.799800674427048	3.9372343431039254	3.950693031108889	3.1607914093200566	3.0841258006394385	4.10587209688128	8.273716580732327	6.261755622618709	4.254596570211706	4.832909036300135	3.6771009638607026	4.488523047230654	6.333173273316992	5.453621585561285	9.062754360897104	4.8788427709592455	2.580210869460566	4.999625805507404	6.383288743405742	2.9694070629174685	5.493934030684073	5.930970713450271	3.0807900878710557	3.634781048323759	2.1710249988806813	5.907098748555041	3.0054638349934435	4.01490209477254	4.936292691338329	4.997222495918482	4.175688167556109	4.794714648389844	5.312938538929782	7.606863960698374	3.622868934360575	7.7638001604968645	0.9985273940822463	10.370005444967049	2.522033729758303	3.661374053265858	4.933471969987882	3.8927896161814814	7.187722712672777	1.9249756421292161	8.293569286439938	2.9092116155062224	4.855512592835534	6.857665875665039	3.895131457379888	7.776474530204055	6.225253693398302	6.498988108660634	7.253232059763779	3.8677561330230725	2.937428306026535	4.713086220210597	3.8390093329456207	2.962469146214974	7.504293522944915	3.005030549762291	7.187639652484972	6.681573454095271	5.617115697763235	4.7343990145419586	1.9364015019452454	3.8708551000867493	5.030760205668952	11.454214921211207	4.483341087829887	9.074163609953871	6.430311129296083	4.296289612135882	6.665357176771565	2.8557456690567338	7.3354666570595075	4.011913263183329	6.3469499055884	5.290790939667203	5.8031410111747626	3.0969030055999793	9.954261847801112	1.7653722969471095	3.9146112308426604	6.663042109963732	5.00983740179119	3.4506823566064537	3.7086384643863077	5.128295457169835	6.47259791437935	3.250758950831642	5.296019168397684	4.660371620086646	1.668613032255015	10.75192170430385	4.31908067569853	3.828059744180993	4.61412942182575	6.738439224794539	3.8782304850913665	5.541065206947798	3.4375690976996243	2.9960272523881923	5.172172830188185	6.381152253415617	5.608382319066951	5.14992495062687	4.951696589709022	6.883646809698353	1.9695915315554229	3.302415800723224	6.202149717495964	5.880404211282891	2.604901112597344	3.9485930963900078	4.4417713693032255	4.799735521335422	6.970151516442059	5.910619453923743	7.490815567050933	7.063942390725272	7.835676063684319	10.915216630403956	3.462201581978209	5.214480880727668	10.906563524529348	3.0261801725425332	4.137670100147309	8.118823585755482	3.99717118799824	4.844526692559627	6.830950116324164	5.506246944629791	4.9841369478100335	4.526299750618397	11.390275489883873	1.9550176695566617	4.24766118316213	5.620019923974947	5.273904891084063	4.715922879412332	5.4822893154991466	5.079029752891109	7.473499331432834	5.7957163007214545	6.432804925945532	3.676209437884151	5.9201523680740475	3.581682424593749	4.934807552230326	12.399825052854663	6.4973775031478125	3.948266832993226	7.892257811061924	5.806968901001239	6.943174151919498	6.090486895094125	3.9248225291232592	6.374010087843282	6.0048297694705335	1.996282654065555	4.27260636979903	6.498316842513091	6.767272338859129	5.774417967527753	4.250684695025223	1.942110639058112	5.416727961885281	7.437491888768165	11.299786342363156	4.531379580667333	5.10135961332463	5.695785065104942	2.536730433802548	3.2444822005287257	3.3587188892511457	6.92620664459544	5.718462798022814	1.2417669053631064	3.71498544938802	2.998492545779192	4.524620576938359	8.661698368479517	5.133015580095608	6.391574105553477	2.512496231526871	3.0517260260377803	3.7951407827009467	3.931424974234361	6.780879596899956	7.72381009526921	6.761693318758172	2.514474288758554	5.301309887439586	8.690372647547981	4.952459826335531	6.874825379529199	6.480819589529264	5.256911732302461	5.2101752911533845	6.9074998879620795	2.74893306919344	3.157451886809568	3.8720966285040785	2.025190947272575	3.880421551444278	7.182618496142732	6.9625473477760575	7.410486574454499	2.9299829768858823	2.6763089389922703	2.2129872804830244	6.92635173556379	2.9909722361103332	4.935061373915342	3.9460101566031462	7.7921558781599325	3.04612162164295	1.5931683456447212	3.1264761370536704	2.5926878039703207	4.757370575056064	8.216141466702176	4.1555686787552855	4.06790928516915	1.3902701788678606	3.233344566804027	6.989711066640613	2.473105726561588	4.723388399540405	3.8785879007335855	3.159671109831745	7.766310801741987	6.139956966301814	6.396447745536574	4.474278101908871	1.9732395702689476	0.9939299253225258	4.945842090939788	5.332479456047462	6.1069451610675864	6.651957816280237	5.037709373114306	4.863202280296041	1.0304155549354872	3.212783039759748	6.6817816167828665	5.293960923339166	6.27456404514037	4.645605532170809	4.166190841384892	3.99001601773264	7.44244030491552	10.420025714162158	3.807717600998463	9.148211498507779	4.7215472390568625	3.1431418930778388	3.825155279462833	7.4931547647886125	3.0027898984928747	5.979830396214602	4.087641353842752	4.833826572915031	6.304112146415145	4.191871342877603	6.689999272497535	3.0755076726569026	8.481507109461695	6.796893351520216	2.0117448316339566	4.2498972004108255	3.462277476656782	5.518181758539156	2.594324119414125	4.018793995594648	4.806307164696639	5.959343537159934	3.34610061321393	8.427880498872147	4.763623062804852	0.7597785587821182	1.9461519915889998	7.2400830469393656	0.9790863625935168	4.610228470412142	2.5213060223438513	8.762444765168159	5.693084727338878	6.289086929512466	2.8361942437071543	1.4970789057541791	3.8179878589713963	3.502733993338269	4.88754228898458	4.806129936821817	4.79252939019767	5.318850863170448	3.8349880257918034	7.5365146244357035	7.720437820783799	1.565599908097058	2.1888523348496602	3.681368690927707	7.917695150511057	4.717083757743796	3.952171910251613	5.221520402009411	6.00933965728078	3.029246007750045	6.8557457037556	4.162626466600885	9.296838339439343	5.444749024639462	5.04481822541308	5.953491717471585	5.902678406550868	2.244615010567554	5.063294875479068	4.622864400053146	2.8474849170793304	9.52106313735381	7.161659292986836	2.0013181989318234	3.9099009703456873	6.100337864939003	2.217021441661825	4.5500122418861775	4.968481664310149	6.143725544534296	3.345528530940066	3.8284576762398768	3.765978844170567	1.7596126082894783	7.191248808959361	4.9265974739281955	4.6949896947222065	2.5539286159571564	10.227073262025742	5.274828614403502	3.616588351879108	5.071029948232395	4.081915633380304	5.140227783081685	6.680599396149759	7.541259686476923	5.8050231353374695	3.9878068588399027	4.428164183280847	3.931787634613131	5.264784211344677	6.172460335406194	1.5076230898953746	2.9239971165380045	4.573585662863934	5.515256613492064	6.1780507428054845	3.3843509263604052	4.450343378937847	6.6564295782304415	3.9075133361870993	6.1104771156499655	7.350997677725582	6.719607856760679	2.899484855786446	4.893145752639464	0.0	1.2148133500092366	10.995549239282196	3.952905087739392	3.3218969688406634	3.983131792346403	6.221285835756961	3.743236326174335	4.56673888846894	1.6019911676639011	6.943884643662292	4.590742175591652	3.8723851068369033	4.073934976342917	4.15243520854139	7.716863168882082	6.923671624369194	2.93803071928366	7.900240753515798	6.8142222360901155	8.542337612315539	6.070517355109826	6.782020719276569	7.289409714380069	3.239358831640535	6.9811713012057055	7.422086903743233	2.044176802053581	3.7944038980505765	6.409084267325303	6.0555289114658954	6.533240753087023	0.9625935564563538	5.227054998442397	2.0259997664378186	5.343368774990166	5.011025297460436	7.092945435814406	3.9939408645278234	3.701770278352395	7.136635218347875	6.393543571023335	6.671448628248071	4.005270471688994	7.874031655171835	5.8663567861562855	5.065961226481205	6.52753092935051	10.280219390023438	6.244679905949616	4.0890835430335954	6.684781164879774	3.7103172243910665	4.835451760368501	4.237721357808929	1.3695365693651007	3.7405341116979356	4.547766265690676	6.080699268930475	3.9224153065878533	3.2006727860127646	3.9348388223631714	8.36827646987994	4.544235372891368	11.068325884342878	4.885628804154538	6.0261908369971176	6.718259950539304	4.923244904053626	3.5380187689650957	4.2788439385157115	5.671805719646175	4.7899404763635385	7.002885452467397	3.462616809887103	7.731873391161088	6.667502441359449	5.202879890869464	1.94405248973025	6.176154471850834	3.6551083722881383	6.763721485478433	5.006853360521927	5.0482249575611045	2.9611505394652418	2.950760322129588	2.5935381864416334	3.8623327007079444	3.5663598579911087	6.152135530284316	4.087347966216604	6.197846090696192	5.8059175061887665	3.0023379581777876	3.1776899757317607	5.8349622396430725	3.6887081065537393	9.29267829647357	7.859944959782341	4.9213821825739466	2.003031623201514	6.418120351906554	5.851592441890655	7.20682790691687	10.257312758466162	6.8357924074569825	6.503907861454047	6.111418123600388	3.962922632096775	5.022854730276691	3.0329545733330328	6.616916130528379	4.357046045784322	6.899683992813771	3.5463397682916793	3.5996357151225884	7.723177732424198	4.4164613072017715	5.836008677038261	5.049963226189535	6.058752612862327	3.9935012512065313	4.999035424566234	5.896643133690664	9.074006961367632	6.80465151760254	4.02310484360248	2.753471937938339	4.947880995987557	5.7763014884842026	4.699343411049912	6.039644743483811	3.5285971945575265	2.889259363100372	6.332947344817311	6.969305044878915	7.472685282902043	5.679188111868706	6.617682662319469	5.289669040395515	6.9181004389190015	8.815140928152838	7.424269120406122	4.905968048371259	5.470138315555483	3.9352066192212742	7.321430077187202	3.102688863105329	4.52282851725034	3.396153096545536	7.557035686406022	5.61436984969351	6.3493261794191636	5.241516163981549	2.5331385622007585	7.609449909776357	6.984148690095116	2.566633154114965	8.943131451542872	8.814874526671323	7.589860079467555	7.326882329508198	9.52552473782578	3.968374200127653	8.174130964182908	1.9625571926060532	4.928106219678525	3.9152709921976174	3.8932643317609847	5.85784754147862	5.3301224959935105	7.020989000950507	2.0288751834830605	9.433312018770843	4.013637794779504	7.555257862444437	9.384763369624144	7.119852662957911	3.3641831927493127	8.331207487735025	1.6730462127698518	5.8986380077926315	3.214891522464848	4.761204395176585	3.9737293912390115	7.5395498976645206	4.943158528362958	2.8488451641877495	1.3556192831030824	6.082741505980948	7.000548584255542	3.9818568005814057	4.106748776222793	2.618094978437911	7.515750353939466	4.02517113697858	5.558219238011202	12.587679138433026	4.968163141410971	5.604362568960046	7.027756799847435	3.9275690387765905	6.856997262737771	6.675383843264021	5.956078331606244	4.0712826677468685	3.29498395718347	2.657692441027287	4.262914477664259	4.667088903025295	3.7151731640612606	4.269028941263422	4.802059731942303	3.0451212860023804	2.624610218984713	5.255877583111323	5.521765540269179	2.957468343162439	6.033444135765148	4.731790648531809	4.856800891923727	0.5353817547412989	4.274511380588087	5.130996026989584	5.1917897071607975	4.077219437247924	6.4562281672633075	3.1629477143034297	4.070775019107083	4.472441894939176	5.040083628973179	3.966976142535056	7.25860784825188	8.127946479431555	6.054759134604064	2.567316477547519	7.678140261474643	4.963424814951225	6.595563747983743	1.9361931846279092	6.575826117850023	1.9600984826939571	8.307843560291793	5.738198097718012	7.398376911293132	5.839092364749004	0.9756883539509692	6.740243138337297	2.685836022621714	1.11449191536764	6.305091674203293	4.897471747269894	6.069969071551861	3.9243413429738156	4.672081404294287	2.010087331375762	7.259038358526078	4.8146010216514235	4.737261597515311	5.602808680423201	7.302602263727301	5.301440824557296	3.4818710052980473	4.07939480536998	5.318948439426607	6.54209747357532	5.01733142223649	3.856224780593278	6.525537428466047	4.8162068631470545	1.6467057108824825	5.947246715815905	6.9531965890250955	8.3209213438137	3.193161095492237	4.3602535093393975	4.609636406764702	3.129489025777579	2.997192669040816	3.1085306930833982	2.6523500667028044	4.263548615365686	7.962630676454217	6.165566926655273	4.519709628351762	7.691660217817628	9.25825699165177	3.863612089907949	3.551625210201755	3.7503395746060684	8.130603670856596	1.9997317327036397	2.944691068737278	6.075263910759661	4.361667470528862	4.692429666875387	5.098968808766432	3.3163417019437387	9.06952430224914	4.523645106440406	4.951399265161084	5.483371488463731	4.356214953708209	5.901562033046444	8.296437073123	8.216068780298173	6.035368215829163	3.1648664321585955	7.041608077558324	3.326763331242231	4.689669938745249	6.790560481268497	5.199995750214581	6.608286936925075	5.772977746200437	7.362998916927929	4.71741715202875	0.9835957538418424	4.96686870520757	4.738237218174526	2.7550537903820618	8.122682533890028	7.417639898404494	2.9347100148533336	1.305077494674169	2.5864943838683443	5.699771720471672	4.610604564174494	9.298477995272307	5.0818217777003305	5.944197111318607	8.987782715452834	2.9968757176531877	5.576373565022992	3.7128774734708303	7.828647122209604	3.5375130316094525	2.2296347852312395	6.769916759895877	4.215431540181467	4.458167834558474	3.1495468198068797	3.261695237224375	7.868534547984766	4.667781810129473	3.187814281376004	2.3918632388560477	6.1522685818492	7.633113840014554	6.2677892869063445	6.818179234737293	4.859387069824688	9.776037701564047	4.960966352449678	8.354208480600729	2.9396474355651194	6.065796625878903	6.307078996630989	4.423922660814584	3.760592264650729	3.256314541469947	6.848842756926175	5.44889008728545	4.94828308009372	2.991452349828893	7.6458280348103775	5.281462415282818	4.934313300929281	6.154165555929358	3.2434697183652266	5.199099920759116	5.945586174962522	2.2062989025217123	4.876615854644017	6.873530891167501	6.558878983588319	4.836868998365993	3.840636667707935	4.702225593503816	2.9230402546399916	5.900356178395195	4.771494991280104	4.870181749809758	3.552165132054789	3.2321557057856114	4.835948184649206	3.3169717637244296	5.892883612053942	4.876766804358522	2.1839660042651534	5.95532210475927	4.0495876163922535	5.227202963389033	3.8857044982448246	6.805961120604324	12.621976498254057	5.884861901058723	4.543571814293487	6.768578422934494	3.705332179669059	6.674047120559609	8.874246399961992	3.884359194488564	7.218933343112144	5.022626811339857	4.188418942858786	3.1348004535811156	3.184735848438415	2.5257612877999294	4.468874551266759	3.9170137264174167	4.265302334931638	3.1478430583730104	3.9321455293128165	8.76272687052011	5.04283224296068	10.50303078534753	8.115490189027005	5.207109672908685	4.927996352829404	6.405591616710548	1.1664214992639792	4.087964237265637	6.791075050660907	5.007305651206912	4.149298955772232	6.811146698990942	7.376272093741907	7.611770024084632	2.622765680660561	3.8858095311062733	2.967764406841611	2.747078205252054	2.764426381197805	6.296568338732276	3.186399623908677	6.644294427982263	4.959259841085109	3.864786728055493	2.5404329529001246	5.274825921282716	4.699671309335473	3.0449688309144696	7.580385503497238	4.897752555716384	5.574561469400579	2.7129653354657677	4.8798667326290435	7.306300882541515	3.036799293338681	3.8794019681221608	5.840529150851041	1.999627896325147	7.791097850677716	10.725406982987469	2.629299664386759	8.090327851229041	5.886838630180752	3.6781097117324006	4.153980586645635	6.026033073131546	4.270858933618127	4.86748132058125	5.770396917761156	2.6494352423808363	9.615162860610535	8.479709897678577	5.2559232945495955	3.226066057345268	6.831084189873653	3.6430730004906278	4.391565628870738	4.005581485925158	2.2505193840807878	6.374386938777716	7.20585121065338	3.295715932283829	3.626209268155948	3.9823253564067467	4.024653518698223	5.837049820592064	6.264730775091769	6.020588994376245	2.9530469743263406	3.8998112160991982	3.3453964668101346	1.6489908720640916	2.0569878853795065	3.4908281223193858	2.3842510044037137	6.366873776799735	8.758757875098047	5.260045046612746	6.746345006986598	4.6400290704427505	4.235033714753635	4.361395160726388	3.8950566199838215	6.993108367389937	2.0251413226252306	1.9814889641043762	1.946909579512968	6.002130777345552	5.303104682330962	3.6559919333828192	5.199548465071889	4.004928656455419	1.606328832227579	2.926953115119561	5.054219417405024	4.966601125138392	3.0781201092707757	3.071288964718555	3.4966104201776242	5.582293509994865	6.103092855939003	1.6013881666847878	3.7489490241769317	4.847614998532362	4.612846174213737	4.033429492675229	4.89703488985562	6.9179645636531895	4.597052570965041	5.2320614830438075	3.905274692382337	4.063692970102695	3.9194526660519373	4.568372344138573	3.684552798952334	3.0384353882557753	3.191803709306448	6.970853059232259	2.9595547522215266	3.8979256011225467	7.4341698513528325	5.429099455190048	3.5177893156228746	2.0460549186167696	3.9834443384918394	6.678995671910682	2.9729731209626995	6.42249095398068	7.895248631671784	4.777444471446949	6.042829092797115	6.221987612023235	7.706763281039237	1.933423630466789	4.949713762136227	10.971179655167669	5.3419210694818995	8.388374131287442	7.855766230416666	6.488384666735234	3.3497288241229235	2.9783140989872257	3.0609012609397426	5.142992679052384	4.039598222886407	6.00351356042656	3.2923619265947606	6.1722378771540685	3.027017595380602	5.902835108382057	4.656955412716327	9.167412824016804	4.840162129475958	3.028486618892977	6.033564804276435	10.577543553014952	4.15095595916082	5.808332592125558	4.187286361734432	6.84779711214374	5.587903268600592	5.538626528189423	8.308897862800691	9.45697267167102	6.663541790123992	5.721224308597382	5.8157640439178016	4.985947856773429	4.740017754665697	5.948668252866699	5.717119791828386	7.351886456337791	9.078060321929648	5.679886292397471	4.990829822600239	4.907903611221911	5.676137064708996	2.2734032006779414	8.798369782038376	1.710628644212732	5.178526020763467	4.027131032824653	7.4819147342563355	7.780932518677336	5.715619897394656	3.014180094904047	3.6930212855214846	6.0584369425052875	5.281503490433558	3.5056786736304413	8.69185098793492	5.352223335544609	4.587242836691393	7.827022204869774	3.898437494016418	5.926737341120863	4.15367145065641	3.156257034113235	8.200692456978945	7.760573707890286	9.901408467425153	6.1652122030718735	6.0025130500549135	9.207034581422793	4.676015992234926	5.501505080512047	5.165842421848402	3.83787076440178	4.931392937606191	7.863481639362569	4.373555659826242	9.15048431385351	2.976249256388156	4.508291784818226	4.941533132921958	8.877406153186573	6.838002944292542	8.730505680220075	3.2891937919571688	3.60554270253308	3.4023180666402277	5.703189489797665	5.286395362056484	4.820284582853403	5.6270735837254575	4.597702017883172	6.020677942924975	5.840909540489164	7.912907881193423	5.898747333899916	5.2351514815387965	6.292751943376453	6.705819460830773	2.5246721824913076	5.373936080350754	6.984191571857481	8.556173803711864	1.0534498198528879	4.587827518229485	6.894974997309039	2.4084317992667668	3.8091507581956625	4.691743471095445	6.215111961558278	5.920032306201331	5.712099607868376	4.986400856025348	2.9792349379406478	4.867239208705007	11.686840897502227	9.153261496163857	6.743590163835387	6.32080234590652	5.159405280095579	4.529859785156947	6.488514883223583	4.441257825597935	7.897216244061129	2.6840987093795166	8.100122859264644	4.146368387511617	8.08896037562201	3.916386506308268	3.203844594504409	4.728999769031762	4.788959726309554	5.960415466722713	4.123436856833501	7.508231309066185	4.358078128694628	8.669698047189414	5.34584293957009	9.451449734914185	1.5683410877328072	3.011431074043896	6.97392177584205	3.6276388678642024	3.8496877647799863	1.9771373782998989	5.029060517761265	6.4953708881754455	3.850510496039628	5.97006559700961	5.003368956403837	4.899903672472244	5.0374871337557625	3.219166469486195	4.874251437256799	4.757184866119915	2.442016371688605	1.0081592530284187	6.212095445085618	2.244519689206101	4.788567854069481	6.898515848066468	3.720158377305452	5.18887972723612	2.6759730055894853	4.246412378795982	2.821500578567656	4.227192785954901	2.4308607197968386	5.864103100754674	3.6770796624418316	7.939424992072788	3.8883009512070483	1.8824116347206896	3.889667703850838	6.160083791904859	4.801763113977026	1.8614347991222235	5.170559140135064	2.527513512762697	3.8454225370642474	1.654925647561833	4.546653385173908	7.919722631409922	7.7705263867462495	6.86317856183501	6.861115123233638	7.0642652365139575	2.4519465674883683	5.724214611087949	2.001340494673244	8.108154249550553	6.277713465001962	3.0148249256550033	4.236680417005809	8.153465548470614	6.068964619710435	4.770388876798642	1.9937829332658374	7.06073316663161	4.858796487882155	2.3692138717508935	5.008235168840835	2.5586122286610635	7.583142187893244	7.838720539550301	5.269772827417187	3.1482538206270863	3.1320980819625066	5.873900405979313	4.86008881740481	6.178212931053939	8.724200954691923	6.925731023754583	3.8385718639070943	5.005404906201894	6.642139131874357	4.685832316446307	5.22099790508011	4.215630117575688	7.901513701146649	7.621776741873791	3.8529027335719213	4.5645072863948135	3.7809266875595515	7.289904259152582	5.500830166881822	9.378204931616045	4.076423955159928	6.463000098298028	3.2512267741435084	1.5188699850351859	6.228203449254854	2.191030292039558	1.9507642339165125	9.614662707045632	6.890107986024786	5.623249928542037	6.598886591917776	7.767232092864199	7.990013156626296	4.751389237344401	4.779710988717898	4.108708394648488	7.494676107996454	5.755278581974321	3.634876102103365	3.5889445635816437	4.0639104703196285	3.3962542616097755	6.342632445325049	5.991209671520913	3.5647634417361487	1.9447722024877019	6.050957886645883	6.202899028314125	6.237454263395009	6.283179607206649	6.920760976865533	4.549032032691661	6.402148249878386	3.9572468149733866	7.589610922508678	5.008676601215612	3.9374140742260786	7.9874584644238	7.1071058340275775	4.357130029354448	7.010847019855508	6.355396047407484	4.540902129474698	3.7373448634166806	5.159091574896318	5.2492317802364505	3.051214578046478	2.841467537943617	5.601520888573835	2.171698905809862	5.126152781733278	4.556875639379127	5.207141281335454	6.14210508912604	4.577434038943069	6.080592501039463	3.91154823452513	5.556533107269155	2.205965173486992	7.284115326136863	2.93303561128516	0.5905674659035984	3.9845057112928277	2.833777835717339	4.524081978022389	5.385990433112347	5.21863550913816	7.2562510910270825	4.745625014260007	3.970741328762368	4.773459466327599	4.86585225159794	4.524273533563083	10.851715583033402	4.549986097124449	5.07046831612828	2.5023371370324816	3.3122622925023473	6.121934544811719	2.3726550884609225	3.370271207651752	3.9392251283217807	3.610506844086867	2.9564453518916727	3.9168964714417727	4.824491084732538	2.8506793152609693	7.133223471825448	4.195603787879451	6.118403269097468	5.63239647932565	4.117245133473673	5.7786192761672455	4.623911939249604	3.189894186759673	3.586831791697475	2.27767721913817	7.031749137593918	3.3954143983069267	5.553647751087156	5.633618066776187	3.7351589688877507	3.9444851733992685	2.280728656948895	7.791323383587632	5.203863868535549	3.9707160309030245	5.892898463514783	4.9072902928103845	4.149038967066703	8.190737773677899	5.4020182617855195	3.675622914824284	2.0255629346794755	2.301239257401385	5.733266650916745	9.09876192729335	5.73837059087891	7.158216552012935	4.6657190806074835	8.370459941895344	5.944558317726126	1.996871799279361	5.939467279897835	6.414769660576686	4.55740587796033	6.882252669729878	0.6298847147755434	4.945119528999478	6.83312455577019	4.179715148639735	3.9979676556376442	5.598513766554303	4.654704621993314	4.915827906117236	6.144163751232388	5.22463588122758	4.326755902020781	4.782483010728365	3.0488304625482647	4.977480786606095	2.764476828631496	5.492561677905405	5.90292532041148	6.434389871149384	4.01582879902966	7.176363600069488	7.110529472197121	3.151231926937019	3.854379688846046	5.947480705123922	3.649046873543652	2.8603704605021276	1.968794658787476	7.958521254267078	3.871594639018983	2.325601188489083	3.989280869220859	4.2017620004787775	4.934708907223154	4.435751625867045	3.409907943317734	4.862196454415531	7.785816323168676	4.328979441914448	3.6434374287993103	3.2973859940337134	4.914927793107022	8.397086479084708	4.925084088969919	4.185987499228267	4.287852313832918	3.503833420068703	9.600662041331782	4.011305304168151	3.5097300725366587	7.654389073531967	4.78236252364221	3.0585644047256606	5.050435372625184	4.5135304068556446	2.930756738381558	2.5500176318899888	5.914907766220838	2.106793234370406	5.034356851806472	5.9422293915347115	5.0023567325294716	7.399507603466346	9.391812277738078	8.99160425688334	8.67998397568476	7.242754835721207	5.192386807571161	5.481288792345472	4.537043738622321	5.371425828313654	4.7732912118872	2.4123039712175682	6.779066631435649	8.73624375985069	3.9502416981486057	4.715975220966504	11.78142003166317	3.3895282167065606	3.3753599571764226	2.9259929406973115	4.28415892468776	4.662858251169983	5.788481683066918	7.779884221930334	4.508522447201645	4.681754901639158	2.923969879203034	3.40537195103097	3.4197486893255205	2.2060817049985673	7.573465370556132	2.9765790167511925	4.592632084920488	4.715973128921893	8.190211098787834	9.429490927478785	3.027044876220568	5.247686835627008	7.641438892463676	3.7375606278944544	7.417172496832886	1.261421605321024	4.17667043147413	4.017637154980867	3.3286787268200992	5.850722093737315	7.5295667547020155	3.8957047992480573	6.810761207451136	7.80764029857499	4.805132242775839	5.33716874623738	7.783326932968125	4.486676386399823	6.404455988689954	5.2426088926962	2.936245711593819	4.178013880763795	4.931606373453898	2.503277039159284	4.805480882940617	3.3551546483093495	3.760496530225111	4.045329391427599	1.016360685102727	4.098405772696832	3.959107393132672	5.466104724610643	3.7245842363834143	3.9051324351780514	5.532398828965641	6.003788660351317	2.9790058268075734	3.5421955058970838	4.312231392964154	2.5009360666063887	11.224686184446398	4.663666138012113	5.030026115288096	5.9652058003352835	5.166333239807253	3.890227181000269	6.214810193606884	11.337686243415822	7.646411470850988	7.002639185477809	4.1722423680575265	7.814447751513076	3.679829640022239	0.5492927102359234	0.568781930956667	2.0880100412987113	8.091688312730165	4.634847434890286	5.7266191497691805	5.760593920398902	3.8842854125946014	4.779487463237172	7.168731686900883	4.113870363939996	6.8903452385233335	5.36997061547841	6.036053862120789	5.98492427897233	5.882760470064324	3.267775787513754	5.091370345644836	3.219526322713756	3.9327469445643333	5.510333681213773	5.554435089846602	5.358468269378913	5.289364374623883	5.843892438938762	6.091936306046798	5.3635694220574415	4.400981143894214	4.934090157055169	3.8801967367150527	6.128992821488615	4.481767048589815	3.3286022092276384	4.448612625741403	2.6119633780356786	6.057966139401056	6.050550185878169	7.755675656941991	5.528494096275763	6.826079698787211	4.179979295264991	11.31945419441589	6.7781662640142955	5.717910253108438	4.8477759050544025	5.050520992000111	2.608586799185807	4.47147469816114	5.21088130909825	8.739524556868115	5.83382432589759	4.804003093094988	7.055626640052382	5.833565267293205	4.351782863078629	3.128170315740074	4.6823584111178596	2.949234740103671	4.965062680104078	5.050271405914438	5.2296555168606895	4.388575439285926	3.5300331062600705	4.196761082914442	5.186290627189554	5.605067156176894	6.695358427302006	1.7377072177968687	3.8704838280525777	4.563411614984502	7.58156905144108	6.621621200917651	3.6066564141408195	5.50783319500157	7.029433360826651	2.1447243974024377	4.941619255059679	8.546484685616253	7.928619794862462	5.23534580814268	3.7647509708865305	8.214455655600107	5.937020123760623	9.886273501671166	5.208150645022734	10.14627757598072	6.211924958066562	3.8734791470623513	4.894188398422949	5.065881019662248	5.669786934784305	3.280010344000126	5.623039167246737	2.21887002998695	6.701528828233055	4.59480062904447	6.4003599727492135	1.5110955338311844	5.195301848894888	9.283542049115193	2.3440260298006868	2.9445396955294765	2.9749572260219095	5.853837168564755	5.022607769159959	5.0429670604718675	5.938861487010333	3.9484814815544396	3.9806626825316975	4.927604195458185	7.041865726645253	4.092952009624327	4.608909905213782	8.203794111178015	5.409991659970669	3.8606039060737114	4.668639204917347	4.917938565278996	6.69801352612929	4.90105066470891	4.701182388279401	5.639081130369977	9.12927930562304	7.868080694030239	4.398491446180741	2.990743942066422	6.460990239085554	7.546608100861738	9.177937972143786	2.1092300350947717	5.829721956113505	7.8084539187996596	3.2524442692910207	4.4096961535343935	4.102747487688605	5.1400194698154165	4.895308934334592	5.354356466975648	5.922889972755795	2.6524114719567193	1.926207603876377	2.6199944230039502	6.858064562316101	3.935100693390194	4.84236262900918	7.417664533872296	3.013037058444783	2.370032874492807	5.130820593299426	4.536698492520509	1.34881585352457	2.9476415769060256	8.646525104990875	4.102763461841164	7.778170677796485	5.884515523240787	3.9034904576215794	4.306904587781371	2.6647047737808203	6.930517949657671	8.662039251624808	3.23411074179138	5.536802447007279	5.577011495794368	7.119821870439476	3.0212533034361684	4.765370633869667	3.1230224554924537	4.880218373055825	6.953485244120165	9.148421973728432	3.889281928082499	3.3131160974063394	6.743463534941576	8.791983654781568	1.993507227748808	5.841724012310257	2.8652875866751817	3.210167299971679	3.9705012553095718	5.710170204239621	5.7697481085399085	4.414870653876922	3.9842761409935568	5.821839619866996	6.242276348352843	4.586434730723219	6.494008094757026	6.642952779299694	7.264566060471748	3.2285930603192687	5.783048387717195	3.3072469311899617	7.870353632315083	5.5928846658723055	7.746411197630928	8.845275764187786	5.33835325273684	7.069759004793505	3.1729280257481975	2.5419220206654685	2.3188765836367704	5.565194725051837	1.830650720120207	7.491339419333136	5.908171189391524	13.024130080936272	4.040367614071172	7.328666613434152	8.553043803213662	4.763383066450604	3.0007615831879018	2.6688829410208856	5.2947934435925355	5.447870946301955	4.932216229058398	3.015239296197068	5.8062350011491235	6.488295544164186	4.88428756365409	5.415447802194307	10.62983437434975	2.770705011977242	12.027872558767628	5.830062248712953	5.474257562723632	3.066437761878785	8.325384812338868	4.228406084019169	3.717229321910105	4.59442145311881	4.094405190570298	7.0573355628538	6.404286532407522	7.8740332331860285	7.717347327818195	8.00648689609718	4.851642532513896	4.710702939586873	4.095855045522103	3.867336294715799	5.688687257807648	5.962211952301798	4.576386296570206	2.190454342591094	2.574668534604518	1.5693798951434228	8.061417841807298	7.625055099374525	2.8430893522337213	4.003747697015827	4.907946464954589	6.019829877240715	5.885059758572632	3.266267759693967	4.5599730845408155	9.069956374378322	3.939650084269033	3.9176820355357735	1.042788077498391	7.841480952097366	6.614894879203169	3.2275045720868536	3.9310019642035434	6.8784931289738065	7.537327251977789	1.950703104843755	5.097294740379496	5.567236151934905	4.075218308408773	5.7596695578113835	3.654306199022833	6.859420280583874	9.064119966176845	2.0139289356687593	5.8731511587287235	7.265830253353817	5.631445300863888	5.567852603400459	2.983275190753724	5.8490254576289615	8.581510520839336	7.109380452184483	3.694591976133952	6.606123827038668	3.1122579845916216	4.268616215206502	3.714314962344151	4.090708229538705	1.5399553863000324	3.9434532953827994	2.5085727126619473	5.347711146281508	1.9236830650087993	2.2287062650574505	5.461061057557583	3.898055951035012	6.736491654990447	5.520926286551023	6.121381405200002	2.7536650845952453	7.359660707646991	4.713419954750865	3.643257199163856	6.179206521781999	4.878164945743489	5.62205681981759	3.8594825642603556	0.5882690869730666	4.120426617162762	5.135936554774298	6.74559378586822	4.682974893104729	5.334721524664705	0.9760150657748798	7.683342971317616	7.9568901339443565	2.8833013613554273	4.374901235276545	4.8964379376526965	6.027845804864915	4.30699645310973	9.91196346376614	5.225995407082419	0.9642613611648326	6.26621639190732	3.8898887671774944	5.042414467305311	3.8096155138768	10.228357746672033	3.1112769785905194	5.832388020404962	3.2248435215872147	4.563610073422929	6.8226239148042485	3.2138765782992227	4.8605717449978805	3.107678171549937	9.768849208392961	6.7359788691661	6.8221344746055275	0.6275679111323053	4.997662168248872	5.288196171144022	3.652418327863562	6.782752145237079	5.971108584869019	6.282101511272951	4.406653929348446	8.973104195830974	2.9396250754244164	6.759970277112439	5.8280201292264495	7.766956100758106	3.3096826833662685	4.906177557043712	8.030303163545236	5.392689928608211	4.878301191023156	4.892525603977657	5.256385487608916	6.12088594629915	5.144833302594144	4.4212962918336025	3.8491208942723447	1.9544678045668997	5.829007561618642	8.959313213749533	4.856197121193131	5.989171172584416	6.581056551376144	5.843834664253575	0.9926060145684285	4.348312986107305	8.675615088188488	6.661948206432444	9.218166556540039	2.9469247728179218	4.314523469114478	4.873414490994003	1.9751970777394336	5.298914324392344	5.609955207178719	8.14467276921871	6.442614964710121	5.026041548597041	5.6915658764981005	3.020329245047636	1.9569094034644083	8.294599464056486	6.681784250178949	5.9902139128033465	5.50433417805302	0.6468414329250349	4.425442861189148	4.843610004910984	6.458312995913168	4.205279012205081	2.579609995327186	5.48628464845824	5.871837115025036	8.35203413201028	3.5206916980462983	1.9527761685892693	4.549475409023055	3.0413279991822346	6.204429083420007	3.8486049366725434	4.980597304142504	5.899584430317756	6.554481300720794	5.830166561778777	3.2984892324964723	5.697331616919438	5.824560661432299	2.1496550936414565	4.738516731061395	3.3136767096846294	5.0246263943486165	5.157475646071096	5.408613054847571	8.258575554725029	7.798846158206662	3.886791159451854	7.287896166917612	3.067449898728342	4.008084378359008	7.911449246646501	4.716703010851276	3.024450927712193	7.422070504005605	4.178583137043363	7.322834947665546	5.9330649920756935	4.738227487077845	6.009737927925612	7.356871594658017	8.863950987526005	5.413312573717914	5.47928383243923	8.431428460881971	4.168001338293492	2.9818919741835943	2.897252190781688	6.590509822262319	6.602622684207266	2.9342797926860653	4.941526460079765	6.980766742659168	1.7159055538322205	5.0460888687300285	5.184725887629071	5.824575075673786	2.192968277777924	3.887464854221056	3.1178162176804487	3.686196717175306	3.8271525525095593	2.9651401163387425	6.302646368142989	3.8372138755670453	6.708285300586126	3.7319389223301584	6.659962253819114	3.3915347155179134	6.722602004295333	5.318420861048626	2.426852734218198	7.855113024344074	1.1436385437041614	7.862463743916949	1.9775717155591748	4.289813325840494	7.102683174729583	4.610322528153226	7.6432611284484	5.009782922423649	6.191231614729602	3.864647424848721	5.809793197747921	2.917614446710202	7.18055204470724	4.313372872829672	3.267781086023979	10.762632246272904	4.928679073381529	3.5887451713206024	4.317724409912201	6.6665359287481625	0.9610097350871758	8.175901776635062	7.223407369332226	6.9330079101513515	2.259515466354293	6.641049569194155	2.4469599804545377	2.832802988725752	6.3531795788362	0.5189853392437151	9.743588249542974	7.482189568770729	8.136355040717914	2.9316811334218893	4.687056786596844	7.4856768909513915	1.9482328888218658	3.6460839123208295	7.8637712994291	6.364405224163479	5.2089806250835125	3.9576268006987707	4.191246419651541	4.0254458011471925	6.152121567611153	0.9996453606379713	5.828727535518332	4.02698837519133	5.8525877676228	5.141302352637594	3.499475506102899	7.832001905706555	4.307644689028897	3.4870785651745884	5.282169828394645	2.261284566248833	1.9612519237115134	4.4456097772405805	5.288496675117009	1.7115408735261797	7.529467232281231	3.958869675854801	5.271151936319519	6.06926167658176	2.9397474491384274	4.433655592916313	4.887865526057835	4.866494790012992	3.2915789577685843	5.216096557781877	5.120227735140704	2.475429335472716	5.659396303800514	3.907714692532853	5.3096573128549975	5.980569874276065	9.265188526276496	7.9960085170283675	3.4692155443268198	4.25585782995935	5.14964516124611	6.72987122131885	7.5609900389303695	5.018419985695747	2.288941163092909	4.825241181521417	3.848835384105903	2.9667475277610844	5.300231701138612	5.449150723171743	5.288477242485699	4.119142728219787	3.451662212610928	8.142147431074392	10.108401139047944	5.4440545757987255	4.914661825176609	1.9320944010516785	5.810651512702497	3.8342502858552816	3.864810874182811	2.232471358726184	3.2062795623731772	5.73851554273758	3.030422978744752	3.181271094311242	1.9937975328996358	6.788992445396134	2.4852532631788	5.466124586044959	5.948606030707661	6.295713137947	4.3229257879556675	6.743803294766707	4.999939233339993	5.328764339563568	6.015287156026452	6.015469636440154	4.288695572672361	4.839019361013865	2.5972858274881108	4.325442893120736	3.388540203567169	4.878483310445578	5.456307861435899	8.484149893379904	6.237627966579682	1.5815062307739984	6.453012460863209	3.887387716329143	4.488158092022501	5.711017418512451	6.96279819926543	4.580257731543725	4.552899378374244	7.3966431236422805	6.903249548605712	4.965862192961392	5.820307398481201	7.904256977350583	2.2461807542417596	7.65270175298687	4.987399294074902	4.731972989891838	6.569151259195005	7.741712949731777	7.608331393456299	7.432044557326948	4.376727503305362	6.057361559039017	2.50603614203153	6.811461562996109	2.9896837467304174	5.9452896013638865	5.409400837018747	2.9416091475007775	6.3327136508704065	3.8754266701296216	1.3127029020780543	5.619999470613002	3.544382900770219	5.54810797075652	4.558992005496063	5.903631821793298	2.523468483340123	6.621604119632166	8.281185875966614	4.948516827397069	5.806031551464331	0.9843071259900638	4.837674377706927	7.370591181663651	5.850024041898095	2.0126081081347467	5.391612812076844	4.509213195593747	6.034516210746001	5.840419261919782	3.365266713528506	2.6392654963352897	5.813831355940126	6.602341673703279	1.0542494173667079	7.009417053871834	2.8687310498018386	3.0498866952270998	6.383378332614277	6.002195430090642	7.704381135921815	5.948230609940104	4.042196764520535	6.86034075089799	4.996043098046172	6.848843351615439	3.9270023696097547	5.006204390542164	5.903670138991969	3.011878169924789	7.371385593974417	3.7294980129179227	3.9984058526683968	7.918152729560067	4.231012511188583	6.793398572890724	7.287061571008595	7.111825503518907	4.807187443203928	5.885463806064377	1.9532430370500902	4.191691541988814	7.370265386133103	4.189742816969236	5.888474904319091	5.953281602708631	3.750621695807408	4.962075948120479	3.8187951119942127	4.076433806684171	6.203291735920165	5.7612447565486935	9.794638707398892	6.605321500376215	4.170173004882345	6.436229978478849	4.902139880514793	6.441418862376537	3.9042933398717974	3.3122262351853404	5.699670864963601	4.90764796126557	4.743258264760541	2.496752262975374	5.668411177223636	6.942480130452089	6.857744367602228	3.2841119796759237	6.01810820673559	5.2991827561902625	6.460867174118312	6.476058245108029	11.249680463649772	3.8235422113757065	4.056471825961008	3.9089804523093576	1.9300522000749216	5.496528033207344	4.989320106174728	6.70315504428242	3.0365431091379484	4.9546791118542295	9.616637439562128	3.3794831715836238	3.148671616560954	5.3456225923844505	5.118703853358174	8.318965763758458	5.54831482353076	4.498109308646395	5.630768532785682	2.475586887972941	4.817758053935694	6.5717536463282125	2.378063372578623	3.6622549236265094	5.933550085731629	11.634145869235006	6.117610668181135	6.686181688025955	2.996411853846874	4.989283363183823	3.752416597942282	6.804014428039238	3.5731813190539623	4.929186238138248	5.7699465023347765	4.814912045669746	4.563591570076135	7.617855439255907	5.322622694801867	3.4208798649216776	5.880891687078216	4.936209026158438	9.592931222403212	2.9561324671129015	5.516224038565362	5.087253125525071	3.4572035611140266	6.375230316853266	9.764908325032522	5.1402805241550915	6.224904404548955	7.340033297983301	4.688022529665175	3.5262576046850675	1.9934804842504017	4.713899584427565	4.819683606538818	7.701199263028826	6.464910918946044	4.751685270772273	3.8873009054428165	0.6746260757227747	2.802665470903337	4.127546279083353	7.029992756666782
G8	0.0	0.0	0.0	0.0	0.0	0.0	0.0	0.0	0.0	0.0	0.0	0.0	0.0	0.0	0.0	0.0	0.0	0.0	0.0	0.0	0.0	0.0	0.0	0.0	0.0	0.0	0.0	0.0	0.0	0.0	0.0	0.0	0.0	0.0	0.0	0.0	0.0	0.0	0.0	0.0	0.0	0.0	0.0	0.0	0.0	0.0	0.0	0.0	0.0	0.0	0.0	0.0	0.0	0.0	0.0	0.0	0.0	0.0	0.0	0.0	0.0	0.0	0.0	0.0	0.0	0.0	0.0	0.0	0.0	0.0	0.0	0.0	0.0	0.0	0.0	0.0	0.0	0.0	0.0	0.0	0.0	0.0	0.0	0.0	0.0	0.0	0.0	0.0	0.0	0.0	0.0	0.0	0.0	0.0	0.0	0.0	0.0	0.0	0.0	0.0	0.0	0.0	0.0	0.0	0.0	0.0	0.0	0.0	0.0	0.0	0.0	0.0	0.0	0.0	0.0	0.0	0.0	0.0	0.0	0.0	0.0	0.0	0.0	0.0	0.0	0.0	0.0	0.0	0.0	0.0	0.0	0.0	0.0	0.0	0.0	0.0	0.0	0.0	0.0	0.0	0.0	0.0	0.0	0.0	0.0	0.0	0.0	0.0	0.0	0.0	0.0	0.0	0.0	0.0	0.0	0.0	0.0	0.0	0.0	0.0	0.0	0.0	0.0	0.0	0.0	0.0	0.0	0.0	0.0	0.0	0.0	0.0	0.0	0.0	0.0	0.0	0.0	0.0	0.0	0.0	0.0	0.0	0.0	0.0	0.0	0.0	0.0	0.0	0.0	0.0	0.0	0.0	0.0	0.0	0.0	0.0	0.0	0.0	0.0	0.0	0.0	0.0	0.0	0.0	0.0	0.0	0.0	0.0	0.0	0.0	0.0	0.0	0.0	0.0	0.0	0.0	0.0	0.0	0.0	0.0	0.0	0.0	0.0	0.0	0.0	0.0	0.0	0.0	0.0	0.0	0.0	0.0	0.0	0.0	0.0	0.0	0.0	0.0	0.0	0.0	0.0	0.0	0.0	0.0	0.0	0.0	0.0	0.0	0.0	0.0	0.0	0.0	0.0	0.0	0.0	0.0	0.0	0.0	0.0	0.0	0.0	0.0	0.0	0.0	0.0	0.0	0.0	0.0	0.0	0.0	0.0	0.0	0.0	0.0	0.0	0.0	0.0	0.0	0.0	0.0	0.0	0.0	0.0	0.0	0.0	0.0	0.0	0.0	0.0	0.0	0.0	0.0	0.0	0.0	0.0	0.0	0.0	0.0	0.0	0.0	0.0	0.0	0.0	0.0	0.0	0.0	0.0	0.0	0.0	0.0	0.0	0.0	0.0	0.0	0.0	0.0	0.0	0.0	0.0	0.0	0.0	0.0	0.0	0.0	0.0	0.0	0.0	0.0	0.0	0.0	0.0	0.0	0.0	0.0	0.0	0.0	0.0	0.0	0.0	0.0	0.0	0.0	0.0	0.0	0.0	0.0	0.0	0.0	0.0	0.0	0.0	0.0	0.0	0.0	0.0	0.0	0.0	0.0	0.0	0.0	0.0	0.0	0.0	0.0	0.0	0.0	0.0	0.0	0.0	0.0	0.0	0.0	0.0	0.0	0.0	0.0	0.0	0.0	0.0	0.0	0.0	0.0	0.0	0.0	0.0	0.0	0.0	0.0	0.0	0.0	0.0	0.0	0.0	0.0	0.0	0.0	0.0	0.0	0.0	0.0	0.0	0.0	0.0	0.0	0.0	0.0	0.0	0.0	0.0	0.0	0.0	0.0	0.0	0.0	0.0	0.0	0.0	0.0	0.0	0.0	0.0	0.0	0.0	0.0	0.0	0.0	0.0	0.0	0.0	0.0	0.0	0.0	0.0	0.0	0.0	0.0	0.0	0.0	0.0	0.0	0.0	0.0	0.0	0.0	0.0	0.0	0.0	0.0	0.0	0.0	0.0	0.0	0.0	0.0	0.0	0.0	0.0	0.0	0.0	0.0	0.0	0.0	0.0	0.0	0.0	0.0	0.0	0.0	0.0	0.0	0.0	0.0	0.0	0.0	0.0	0.0	0.0	0.0	0.0	0.0	0.0	0.0	0.0	0.0	0.0	0.0	0.0	0.0	0.0	0.0	0.0	0.0	0.0	0.0	0.0	0.0	0.0	0.0	0.0	0.0	0.0	0.0	0.0	0.0	0.0	0.0	0.0	0.0	0.0	0.0	0.0	0.0	0.0	0.0	0.0	0.0	0.0	0.0	0.0	0.0	0.0	0.0	0.0	0.0	0.0	0.0	0.0	0.0	0.0	0.0	0.0	0.0	0.0	0.0	0.0	0.0	0.0	0.0	0.0	0.0	0.0	0.0	0.0	0.0	0.0	0.0	0.0	0.0	0.0	0.0	0.0	0.0	0.0	0.0	0.0	0.0	0.0	0.0	0.0	0.0	0.0	0.0	0.0	0.0	0.0	0.0	0.0	0.0	0.0	0.0	0.0	0.0	0.0	0.0	0.0	0.0	0.0	0.0	0.0	0.0	0.0	0.0	0.0	0.0	0.0	0.0	0.0	0.0	0.0	0.0	0.0	0.0	0.0	0.0	0.0	0.0	0.0	0.0	0.0	0.0	0.0	0.0	0.0	0.0	0.0	0.0	0.0	0.0	0.0	0.0	0.0	0.0	0.0	0.0	0.0	0.0	0.0	0.0	0.0	0.0	0.0	0.0	0.0	0.0	0.0	0.0	0.0	0.0	0.0	0.0	0.0	0.0	0.0	0.0	0.0	0.0	0.0	0.0	0.0	0.0	0.0	0.0	0.0	0.0	0.0	0.0	0.0	0.0	0.0	0.0	0.0	0.0	0.0	0.0	0.0	0.0	0.0	0.0	0.0	0.0	0.0	0.0	0.0	0.0	0.0	0.0	0.0	0.0	0.0	0.0	0.0	0.0	0.0	0.0	0.0	0.0	0.0	0.0	0.0	0.0	0.0	0.0	0.0	0.0	0.0	0.0	0.0	0.0	0.0	0.0	0.0	0.0	0.0	0.0	0.0	0.0	0.0	0.0	0.0	0.0	0.0	0.0	0.0	0.0	0.0	0.0	0.0	0.0	0.0	0.0	0.0	0.0	0.0	0.0	0.0	0.0	0.0	0.0	0.0	0.0	0.0	0.0	0.0	0.0	0.0	0.0	0.0	0.0	0.0	0.0	0.0	0.0	0.0	0.0	0.0	0.0	0.0	0.0	0.0	0.0	0.0	0.0	0.0	0.0	0.0	0.0	0.0	0.0	0.0	0.0	0.0	0.0	0.0	0.0	0.0	0.0	0.0	0.0	0.0	0.0	0.0	0.0	0.0	0.0	0.0	0.0	0.0	0.0	0.0	0.0	0.0	0.0	0.0	0.0	0.0	0.0	0.0	0.0	0.0	0.0	0.0	0.0	0.0	0.0	0.0	0.0	0.0	0.0	0.0	0.0	0.0	0.0	0.0	0.0	0.0	0.0	0.0	0.0	0.0	0.0	0.0	0.0	0.0	0.0	0.0	0.0	0.0	0.0	0.0	0.0	0.0	0.0	0.0	0.0	0.0	0.0	0.0	0.0	0.0	0.0	0.0	0.0	0.0	0.0	0.0	0.0	0.0	0.0	0.0	0.0	0.0	0.0	0.0	0.0	0.0	0.0	0.0	0.0	0.0	0.0	0.0	0.0	0.0	0.0	0.0	0.0	0.0	0.0	0.0	0.0	0.0	0.0	0.0	0.0	0.0	0.0	0.0	0.0	0.0	0.0	0.0	0.0	0.0	0.0	0.0	0.0	0.0	0.0	0.0	0.0	0.0	0.0	0.0	0.0	0.0	0.0	0.0	0.0	0.0	0.0	0.0	0.0	0.0	0.0	0.0	0.0	0.0	0.0	0.0	0.0	0.0	0.0	0.0	0.0	0.0	0.0	0.0	0.0	0.0	0.0	0.0	0.0	0.0	0.0	0.0	0.0	0.0	0.0	0.0	0.0	0.0	0.0	0.0	0.0	0.0	0.0	0.0	0.0	0.0	0.0	0.0	0.0	0.0	0.0	0.0	0.0	0.0	0.0	0.0	0.0	0.0	0.0	0.0	0.0	0.0	0.0	0.0	0.0	0.0	0.0	0.0	0.0	0.0	0.0	0.0	0.0	0.0	0.0	0.0	0.0	0.0	0.0	0.0	0.0	0.0	0.0	0.0	0.0	0.0	0.0	0.0	0.0	0.0	0.0	0.0	0.0	0.0	0.0	0.0	0.0	0.0	0.0	0.0	0.0	0.0	0.0	0.0	0.0	0.0	0.0	0.0	0.0	0.0	0.0	0.0	0.0	0.0	0.0	0.0	0.0	0.0	0.0	0.0	0.0	0.0	0.0	0.0	0.0	0.0	0.0	0.0	0.0	0.0	0.0	0.0	0.0	0.0	0.0	0.0	0.0	0.0	0.0	0.0	0.0	0.0	0.0	0.0	0.0	0.0	0.0	0.0	0.0	0.0	0.0	0.0	0.0	0.0	0.0	0.0	0.0	0.0	0.0	0.0	0.0	0.0	0.0	0.0	0.0	0.0	0.0	0.0	0.0	0.0	0.0	0.0	0.0	0.0	0.0	0.0	0.0	0.0	0.0	0.0	0.0	0.0	0.0	0.0	0.0	0.0	0.0	0.0	0.0	0.0	0.0	0.0	0.0	0.0	0.0	0.0	0.0	0.0	0.0	0.0	0.0	0.0	0.0	0.0	0.0	0.0	0.0	0.0	0.0	0.0	0.0	0.0	0.0	0.0	0.0	0.0	0.0	0.0	0.0	0.0	0.0	0.0	0.0	0.0	0.0	0.0	0.0	0.0	0.0	0.0	0.0	0.0	0.0	0.0	0.0	0.0	0.0	0.0	0.0	0.0	0.0	0.0	0.0	0.0	0.0	0.0	0.0	0.0	0.0	0.0	0.0	0.0	0.0	0.0	0.0	0.0	0.0	0.0	0.0	0.0	0.0	0.0	0.0	0.0	0.0	0.0	0.0	0.0	0.0	0.0	0.0	0.0	0.0	0.0	0.0	0.0	0.0	0.0	0.0	0.0	0.0	0.0	0.0	0.0	0.0	0.0	0.0	0.0	0.0	0.0	0.0	0.0	0.0	0.0	0.0	0.0	0.0	0.0	0.0	0.0	0.0	0.0	0.0	0.0	0.0	0.0	0.0	0.0	0.0	0.0	0.0	0.0	0.0	0.0	0.0	0.0	0.0	0.0	0.0	0.0	0.0	0.0	0.0	0.0	0.0	0.0	0.0	0.0	0.0	0.0	0.0	0.0	0.0	0.0	0.0	0.0	0.0	0.0	0.0	0.0	0.0	0.0	0.0	0.0	0.0	0.0	0.0	0.0	0.0	0.0	0.0	0.0	0.0	0.0	0.0	0.0	0.0	0.0	0.0	0.0	0.0	0.0	0.0	0.0	0.0	0.0	0.0	0.0	0.0	0.0	0.0	0.0	0.0	0.0	0.0	0.0	0.0	0.0	0.0	0.0	0.0	0.0	0.0	0.0	0.0	0.0	0.0	0.0	0.0	0.0	0.0	0.0	0.0	0.0	0.0	0.0	0.0	0.0	0.0	0.0	0.0	0.0	0.0	0.0	0.0	0.0	0.0	0.0	0.0	0.0	0.0	0.0	0.0	0.0	0.0	0.0	0.0	0.0	0.0	0.0	0.0	0.0	0.0	0.0	0.0	0.0	0.0	0.0	0.0	0.0	0.0	0.0	0.0	0.0	0.0	0.0	0.0	0.0	0.0	0.0	0.0	0.0	0.0	0.0	0.0	0.0	0.0	0.0	0.0	0.0	0.0	0.0	0.0	0.0	0.0	0.0	0.0	0.0	0.0	0.0	0.0	0.0	0.0	0.0	0.0	0.0	0.0	0.0	0.0	0.0	0.0	0.0	0.0	0.0	0.0	0.0	0.0	0.0	0.0	0.0	0.0	0.0	0.0	0.0	0.0	0.0	0.0	0.0	0.0	0.0	0.0	0.0	0.0	0.0	0.0	0.0	0.0	0.0	0.0	0.0	0.0	0.0	0.0	0.0	0.0	0.0	0.0	0.0	0.0	0.0	0.0	0.0	0.0	0.0	0.0	0.0	0.0	0.0	0.0	0.0	0.0	0.0	0.0	0.0	0.0	0.0	0.0	0.0	0.0	0.0	0.0	0.0	0.0	0.0	0.0	0.0	0.0	0.0	0.0	0.0	0.0	0.0	0.0	0.0	0.0	0.0	0.0	0.0	0.0	0.0	0.0	0.0	0.0	0.0	0.0	0.0	0.0	0.0	0.0	0.0	0.0	0.0	0.0	0.0	0.0	0.0	0.0	0.0	0.0	0.0	0.0	0.0	0.0	0.0	0.0	0.0	0.0	0.0	0.0	0.0	0.0	0.0	0.0	0.0	0.0	0.0	0.0	0.0	0.0	0.0	0.0	0.0	0.0	0.0	0.0	0.0	0.0	0.0	0.0	0.0	0.0	0.0	0.0	0.0	0.0	0.0	0.0	0.0	0.0	0.0	0.0	0.0	0.0	0.0	0.0	0.0	0.0	0.0	0.0	0.0	0.0	0.0	0.0	0.0	0.0	0.0	0.0	0.0	0.0	0.0	0.0	0.0	0.0	0.0	0.0	0.0	0.0	0.0	0.0	0.0	0.0	0.0	0.0	0.0	0.0	0.0	0.0	0.0	0.0	0.0	0.0	0.0	0.0	0.0	0.0	0.0	0.0	0.0	0.0	0.0	0.0	0.0	0.0	0.0	0.0	0.0	0.0	0.0	0.0	0.0	0.0	0.0	0.0	0.0	0.0	0.0	0.0	0.0	0.0	0.0	0.0	0.0	0.0	0.0	0.0	0.0	0.0	0.0	0.0	0.0	0.0	0.0	0.0	0.0	0.0	0.0	0.0	0.0	0.0	0.0	0.0	0.0	0.0	0.0	0.0	0.0	0.0	0.0	0.0	0.0	0.0	0.0	0.0	0.0	0.0	0.0	0.0	0.0	0.0	0.0	0.0	0.0	0.0	0.0	0.0	0.0	0.0	0.0	0.0	0.0	0.0	0.0	0.0	0.0	0.0	0.0	0.0	0.0	0.0	0.0	0.0	0.0	0.0	0.0	0.0	0.0	0.0	0.0	0.0	0.0	0.0	0.0	0.0	0.0	0.0	0.0	0.0	0.0	0.0	0.0	0.0	0.0	0.0	0.0	0.0	0.0	0.0	0.0	0.0	0.0	0.0	0.0	0.0	0.0	0.0	0.0	0.0	0.0	0.0	0.0	0.0	0.0	0.0	0.0	0.0	0.0	0.0	0.0	0.0	0.0	0.0	0.0	0.0	0.0	0.0	0.0	0.0	0.0	0.0	0.0	0.0	0.0	0.0	0.0	0.0	0.0	0.0	0.0	0.0	0.0	0.0	0.0	0.0	0.0	0.0	0.0	0.0	0.0	0.0	0.0	0.0	0.0	0.0	0.0	0.0	0.0	0.0	0.0	0.0	0.0	0.0	0.0	0.0	0.0	0.0	0.0	0.0	0.0	0.0	0.0	0.0	0.0	0.0	0.0	0.0	0.0	0.0	0.0	0.0	0.0	0.0	0.0	0.0	0.0	0.0	0.0	0.0	0.0	0.0	0.0	0.0	0.0	0.0	0.0	0.0	0.0	0.0	0.0	0.0	0.0	0.0	0.0	0.0	0.0	0.0	0.0	0.0	0.0	0.0	0.0	0.0	0.0	0.0	0.0	0.0	0.0	0.0	0.0	0.0	0.0	0.0	0.0	0.0	0.0	0.0	0.0	0.0	0.0	0.0	0.0	0.0	0.0	0.0	0.0	0.0	0.0	0.0	0.0	0.0	0.0	0.0	0.0	0.0	0.0	0.0	0.0	0.0	0.0	0.0	0.0	0.0	0.0	0.0	0.0	0.0	0.0	0.0	0.0	0.0	0.0	0.0	0.0	0.0	0.0	0.0	0.0	0.0	0.0	0.0	0.0	0.0	0.0	0.0	0.0	0.0	0.0	0.0	0.0	0.0	0.0	0.0	0.0	0.0	0.0	0.0	0.0	0.0	0.0	0.0	0.0	0.0	0.0	0.0	0.0	0.0	0.0	0.0	0.0	0.0	0.0	0.0	0.0	0.0	0.0	0.0	0.0	0.0	0.0	0.0	0.0	0.0	0.0	0.0	0.0	0.0	0.0	0.0	0.0	0.0	0.0	0.0	0.0	0.0	0.0	0.0	0.0	0.0	0.0	0.0	0.0	0.0	0.0	0.0	0.0	0.0	0.0	0.0	0.0	0.0	0.0	0.0	0.0	0.0	0.0	0.0	0.0	0.0	0.0	0.0	0.0	0.0	0.0	0.0	0.0	0.0	0.0	0.0	0.0	0.0	0.0	0.0	0.0	0.0	0.0	0.0	0.0	0.0	0.0	0.0	0.0	0.0	0.0	0.0	0.0	0.0	0.0	0.0	0.0	0.0	0.0	0.0	0.0	0.0	0.0	0.0	0.0	0.0	0.0	0.0	0.0	0.0	0.0	0.0	0.0	0.0	0.0	0.0	0.0	0.0	0.0	0.0	0.0	0.0	0.0	0.0	0.0	0.0	0.0	0.0	0.0	0.0	0.0	0.0	0.0	0.0	0.0	0.0	0.0	0.0	0.0	0.0	0.0	0.0	0.0	0.0	0.0	0.0	0.0	0.0	0.0	0.0	0.0	0.0	0.0	0.0	0.0	0.0	0.0	0.0	0.0	0.0	0.0	0.0	0.0	0.0	0.0	0.0	0.0	0.0	0.0	0.0	0.0	0.0	0.0	0.0	0.0	0.0	0.0	0.0	0.0	0.0	0.0	0.0	0.0	0.0	0.0	0.0	0.0	0.0	0.0	0.0	0.0	0.0	0.0	0.0	0.0	0.0	0.0	0.0	0.0	0.0	0.0	0.0	0.0	0.0	0.0	0.0	0.0	0.0	0.0	0.0	0.0	0.0	0.0	0.0	0.0	0.0	0.0	0.0	0.0	0.0	0.0	0.0	0.0	0.0	0.0	0.0	0.0	0.0	0.0	0.0	0.0	0.0	0.0	0.0	0.0	0.0	0.0	0.0	0.0	0.0	0.0	0.0	0.0	0.0	0.0	0.0	0.0	0.0	0.0	0.0	0.0	0.0	0.0	0.0	0.0	0.0	0.0	0.0	0.0	0.0	0.0	0.0	0.0	0.0	0.0	0.0	0.0	0.0	0.0	0.0	0.0	0.0	0.0	0.0	0.0	0.0	0.0	0.0	0.0	0.0	0.0	0.0	0.0	0.0	0.0	0.0	0.0	0.0	0.0	0.0	0.0	0.0	0.0	0.0	0.0	0.0	0.0	0.0	0.0	0.0	0.0	0.0	0.0	0.0	0.0	0.0	0.0	0.0	0.0	0.0	0.0	0.0	0.0	0.0	0.0	0.0	0.0	0.0	0.0	0.0	0.0	0.0	0.0	0.0	0.0	0.0	0.0	0.0	0.0	0.0	0.0	0.0	0.0	0.0	0.0	0.0	0.0	0.0	0.0	0.0	0.0	0.0	0.0	0.0	0.0	0.0	0.0	0.0	0.0	0.0	0.0	0.0	0.0	0.0	0.0	0.0	0.0	0.0	0.0	0.0	0.0	0.0	0.0	0.0	0.0	0.0	0.0	0.0	0.0	0.0	0.0	0.0	0.0	0.0	0.0	0.0	0.0	0.0	0.0	0.0	0.0	0.0	0.0	0.0	0.0	0.0	0.0	0.0	0.0	0.0	0.0	0.0	0.0	0.0	0.0	0.0	0.0	0.0	0.0	0.0	0.0	0.0	0.0	0.0	0.0	0.0	0.0	0.0	0.0	0.0	0.0	0.0	0.0	0.0	0.0	0.0	0.0	0.0	0.0	0.0	0.0	0.0	0.0	0.0	0.0	0.0	0.0	0.0	0.0	0.0	0.0	0.0	0.0	0.0	0.0	0.0	0.0	0.0	0.0	0.0	0.0	0.0	0.0	0.0	0.0	0.0	0.0	0.0	0.0	0.0	0.0	0.0	0.0	0.0	0.0	0.0	0.0	0.0	0.0	0.0	0.0	0.0	0.0	0.0	0.0	0.0	0.0	0.0	0.0	0.0	0.0	0.0	0.0	0.0	0.0	0.0	0.0	0.0	0.0	0.0	0.0	0.0	0.0	0.0	0.0	0.0	0.0	0.0	0.0	0.0	0.0	0.0	0.0	0.0	0.0	0.0	0.0	0.0	0.0	0.0	0.0	0.0	0.0	0.0	0.0	0.0	0.0	0.0	0.0	0.0	0.0	0.0	0.0	0.0	0.0	0.0	0.0	0.0	0.0	0.0	0.0	0.0	0.0	0.0	0.0	0.0	0.0	0.0	0.0	0.0	0.0	0.0	0.0	0.0	0.0	0.0	0.0	0.0	0.0	0.0	0.0	0.0	0.0	0.0	0.0	0.0	0.0	0.0	0.0	0.0	0.0	0.0	0.0	0.0	0.0	0.0	0.0	0.0	0.0	0.0	0.0	0.0	0.0	0.0	0.0	0.0	0.0	0.0	0.0	0.0	0.0	0.0	0.0	0.0	0.0	0.0	0.0	0.0	0.0	0.0	0.0	0.0	0.0	0.0	0.0
G9	1.448193499043033	4.560875797024079	4.383950729710692	1.9620821855527186	1.9433658483351859	6.604958263343176	3.9421963496695107	7.004817152031747	4.529261021524685	4.238623386626003	5.4010840946068175	5.778353656573699	4.197588618449217	2.649243605880779	5.865840134362861	2.1467318281332037	2.654457759957163	7.351033374525071	5.1491597860908245	6.728776267906245	5.503458733988553	4.550774021396195	6.5192874829470355	2.772259476396062	5.729517999263573	11.48374599276446	5.599407171685998	8.100471919578283	3.5342286325593815	3.9471731573112	7.4757146477856935	6.121380870957575	3.614958456261912	8.563741601308312	5.826506724184723	5.389909687358721	6.074384791397601	4.174632642572134	4.206925112263847	3.5315962900906586	4.69188471734781	3.061984340684997	4.108808302602847	2.9280875485868383	4.157848166939428	5.959939892536846	5.02520798840676	7.977571026764392	6.450059930724834	4.316243922081631	2.1405972809134117	3.7450800677701346	4.1849190140902905	5.559315017857041	5.7610789334053525	6.049802085109173	6.297894879038075	3.820521218646574	6.149816619822155	6.177496581424714	9.038778264937896	4.792250861959064	6.090032252625008	1.30660874548012	5.831075088599482	3.8658072443953873	5.981464207881457	5.271830089807557	7.250753919321306	6.150115109444792	9.837573494276324	2.6020695591101224	3.8444003798851867	4.701485181425793	7.765192917637918	5.478870386508063	4.922700108291035	3.053726901574175	5.4041555679415145	2.6498890839323237	7.523664025008826	4.588123830953357	2.1817517501749024	4.714639021888263	1.0107766240369924	5.292755826837144	5.025079563854577	7.371136479307348	7.653207879857646	4.948464315580606	3.3475703654475857	3.7178204819470104	5.170279274321145	4.854548447604796	4.921032142761184	4.898987313088232	6.076776415825031	3.9694562564400555	2.3377630253252306	3.2044599255241146	3.2837731864722715	8.598123654599357	5.871862092743488	5.4235192471541405	7.025815965827986	5.151733157702567	4.0006638962849195	4.491631524378101	8.28019314275975	3.9860637092249003	4.457815874153613	5.12199102071303	10.842406370119363	3.8463727020564056	6.812694844978497	3.9489815761609908	4.065330468197574	2.616355929962596	4.074481171561394	5.764769602027652	3.8656952146536607	6.61241440169546	5.328461546205036	7.67116567437226	6.421917656341596	3.0649087645449264	7.609929816620534	8.614200741358923	4.8698403774453265	5.717070160869024	0.0	7.785430153067391	3.2993405394220696	5.856830391249664	4.827322777469299	5.578760820171958	2.0496654152873433	3.710752216136247	7.874443106821135	2.182053540308903	5.50980107864509	3.8341396853126954	2.395540185926139	5.91896831527259	8.954894889879457	3.854670630585689	3.9076450473817115	7.635718183132644	4.762832823335477	7.681110162442354	6.643543004914365	1.9535091940984972	4.452988817244226	5.253003392375393	4.163100654074599	9.525555432748774	7.084549500151479	7.6461694478926345	5.900245463928544	3.8769912309979695	3.126984659817452	6.840136844605459	7.297903648440034	4.242573747545266	4.706623950657946	5.458037813570121	7.590012634348142	5.702026602534148	2.917985681523593	6.767334936721226	7.05138946795864	3.907882649309029	5.381180545120435	2.7540900882690185	4.694110313278948	6.21565427945213	2.910703244277008	4.809395194369752	7.191128544158461	4.930898640280828	6.020798327726155	3.150851517924937	5.75371571010995	5.062494617550111	5.041359325534609	5.004441843917766	4.935368231575894	8.335597755349268	5.52306920103812	4.838320657393809	5.280347352673896	2.699932608928253	2.3165995454454587	4.924009923470822	1.8623363409171323	7.87179672319207	6.1774088720298455	4.10668898794007	2.4793611309425576	4.254786413171293	6.116432627792628	4.281620857648319	8.697798858453977	5.263658708502021	3.3511579531264974	7.34550468779259	5.577489114866045	4.9282447364727835	6.5074537971788065	5.146414319613279	6.391337205227299	1.185572585694638	5.189182286300611	1.9979375792872518	3.878694280582077	3.817279792834125	3.851290960926276	2.1884549443038117	8.499750843033809	1.9686171715519627	3.950693031108889	3.9509892616500704	4.626188700959158	8.21174419376256	2.9548987788329737	5.123254600324398	2.659122856382316	4.832909036300135	5.25300137694386	5.129740625406462	2.1110577577723304	4.847663631610031	6.797065770672828	4.8788427709592455	4.5153690215559905	7.999401288811846	3.191644371702871	5.938814125834937	6.104371145204525	9.63782740935669	3.696948105445267	5.192544354748227	2.1710249988806813	3.938065832370027	4.007285113324591	6.022353142158811	3.2908617942255525	7.218210271882252	3.6537271466115953	3.196476432259896	5.312938538929782	5.705147970523781	5.79659029497692	7.7638001604968645	4.9926369704112314	5.1850027224835245	5.548474205468267	4.881832071021144	4.933471969987882	8.758776636408333	12.77817371141827	3.8499512842584322	6.031686753774501	3.491053938607467	0.9711025185671067	7.8373324293314734	4.451578808434157	6.5800938332495855	3.4584742741101673	2.5995952434642535	2.4177440199212596	2.7626829521593375	5.87485661205307	3.665733726830464	3.0712074663564968	1.9749794308099828	5.25300546606144	3.7562881872028635	5.8807960793058855	4.772552467210907	5.617115697763235	4.7343990145419586	2.904602252917868	2.903141325065062	6.917295282794809	4.090791043289717	7.045250280875536	8.24923964541261	5.715832114929851	2.4550226355062184	4.165848235482228	5.7114913381134675	3.6677333285297538	6.017869894774993	10.578249842647333	4.115059619741158	8.290201444535375	4.6453545083999686	3.732848192925417	2.3538297292628125	3.9146112308426604	7.995650531956478	7.156910573987413	6.9013647132129075	4.7682494542109675	1.923110796438688	5.753420368337201	8.126897377079105	3.782870834569774	4.660371620086646	7.508758645147567	4.1353545016553275	3.779195591236213	3.190049786817494	4.101448374956222	4.288097688505616	2.908672863818525	7.757491289726917	4.010497280649561	6.990730255572449	3.620520981131729	2.1270507511385386	3.2047898966096864	0.8583208251044783	4.332734515995394	11.185926065759825	5.908774594666269	6.054428967992577	3.101074858747982	6.615454737693253	3.1258813351168127	5.264790795186677	1.6656642634887096	0.5999669401669278	7.965887447362354	4.925516211603119	3.457299492485046	4.03653850898587	6.268540850947455	5.953754525674885	2.885167984981841	2.8969338226264822	5.453281762264674	10.89424862115312	6.896116833578849	9.742588302906578	4.663366385997946	2.906716015535776	4.553966744216109	6.05687163909277	1.8690513554287624	6.466142500883424	8.949502170623044	2.9325265043349926	4.24766118316213	1.2488933164388771	7.910857336626096	4.126432519485791	7.048657691356046	5.079029752891109	4.982332887621889	3.863810867147636	7.236905541688723	3.0635078649034595	2.9600761840370238	7.879701334106247	4.386495601982512	8.52487972383758	2.887723334732361	5.076343070991291	2.869911931295245	6.774797051168113	5.554539321535598	3.0452434475470627	1.9624112645616296	7.170761348823692	6.0048297694705335	1.996282654065555	3.7385305735741516	4.332211228342061	6.246712928177658	5.774417967527753	5.465166036461	0.971055319529056	5.416727961885281	3.1874965237577855	5.022127263272513	0.0	5.10135961332463	5.695785065104942	5.073460867605096	3.7852292339501803	4.198398611563932	5.19465498344658	5.718462798022814	5.587951074133979	3.71498544938802	5.996985091558384	2.0109424786392704	3.937135622036144	2.933151760054633	3.1957870527767387	5.024992463053742	3.0517260260377803	4.337303751658225	4.586662469940088	4.931548797745422	1.7824177142928945	3.380846659379086	6.914804294086022	4.638646151509637	4.827984804193322	4.952459826335531	7.7341785519703485	3.240409794764632	6.571139665378076	3.6471227038073692	5.756249906635066	5.49786613838688	3.157451886809568	5.5315666121486835	2.5314886840907187	7.206497166967944	3.867563805615317	9.747566286886482	8.08416717213218	7.031959144526118	6.690772347480676	2.7662341006037803	0.7695946372848655	0.0	7.896098198264548	3.9460101566031462	9.35058705379192	3.65534594597154	2.655280576074535	10.161047445424428	7.129891460918381	4.757370575056064	4.929684880021306	4.675014763599696	3.5594206245230064	6.951350894339303	5.820020220247249	0.9985301523772304	1.854829294921191	2.6241046664113363	1.662251957457251	3.159671109831745	5.8247331013064905	4.465423248219501	4.975014913195113	5.113460687895852	0.9866197851344738	2.9817897759675773	0.9891684181879576	2.9624885866930346	3.664167096640552	3.3259789081401183	5.037709373114306	3.039501425185026	1.545623332403231	4.2837107196796635	8.686316101817727	4.537680791433571	4.880216479553621	4.645605532170809	1.7855103605935252	4.9875200221658	6.765854822650472	5.861264464216213	2.7197982864274737	5.336456707462871	5.508471778899673	8.643640205964056	3.825155279462833	5.619866073591459	4.504184847739312	5.381847356593142	4.671590118677431	3.8670612583320247	5.673700931773631	8.383742685755205	6.689999272497535	2.5629230605474187	8.481507109461695	6.796893351520216	4.023489663267913	4.2498972004108255	4.847188467319494	3.94155839895654	3.1131889432969504	4.688592994860423	7.690091463514622	5.959343537159934	2.6768804905711443	3.6871977182565643	4.234331611382091	3.039114235128473	4.865379978972499	4.022268359410758	3.916345450374067	4.610228470412142	4.41228553910174	3.129444558988628	7.319680363721415	3.144543464756233	4.963339926487521	7.485394528770896	5.090650478628528	4.003124563815165	4.88754228898458	3.2040866245478776	6.1618235016827185	5.318850863170448	3.8349880257918034	9.043817549322844	4.751038658943877	10.176399402630876	2.1888523348496602	5.5220530363915605	3.9588475752555286	7.075625636615694	5.928257865377419	4.475588916008066	5.341635250916249	5.048743346250075	1.5234990452790222	5.723611391576218	4.648419169719672	8.556034181576297	5.04481822541308	4.961243097892988	5.902678406550868	4.489230021135108	4.050635900383255	4.045006350046503	2.2779879336634643	5.193307165829351	6.059865555604246	4.502965947596603	4.887376212932109	4.880270291951202	4.43404288332365	9.100024483772355	6.624642219080199	6.143725544534296	3.345528530940066	6.891223817231778	3.765978844170567	5.278837824868435	8.78930409983922	5.747697052916228	2.9343685592013786	5.618642955105744	7.670304946519306	6.028375559318287	4.649899309558853	4.5639269534091556	6.122873450070456	6.608864292533595	5.196021752560924	2.513753228825641	7.463601174005317	5.696866941199861	3.795569299955012	4.914734543266413	6.76900827172887	4.937968268324956	4.020328239720999	1.9493314110253364	4.573585662863934	4.136442460119048	5.405794399954799	3.3843509263604052	6.119222146039539	3.3282147891152207	4.4657295270709705	3.8190481972812287	6.01445264541184	7.679551836297919	7.731959615430522	6.85040405369525	3.5068503185516002	4.8592534000369465	6.766491839558275	2.964678815804544	2.768247474033886	1.9915658961732015	1.6967143188428078	3.2084882795780016	5.581569752573149	3.7379793912157693	7.935868164185477	6.312270491438522	3.8723851068369033	2.546209360214323	4.15243520854139	3.858431584441041	0.9890959463384563	4.1132430069971235	6.912710659326323	5.84076191664867	5.872857108466933	2.4282069420439303	8.289136434671363	5.831527771504055	6.47871766328107	1.9039558094197377	8.90650428449188	8.858099475565519	8.347688575711269	3.7386324892730936	7.569411139332369	2.375723910213463	3.850374225825415	5.227054998442397	1.0129998832189093	2.671684387495083	5.011025297460436	6.448132214376733	5.325254486037098	6.345891905746964	3.2439250992490343	5.754189213921001	9.173241863841099	2.002635235844497	9.4488379862062	3.9109045241041906	6.965696686411658	3.263765464675255	7.067650830641113	4.995743924759693	5.452111390711461	2.005434349463932	7.950679766552285	5.439883230414564	4.944008250777084	5.478146277460403	2.137448063827392	5.11623704890201	5.40506601682709	2.94181147994089	3.2006727860127646	0.0	8.36827646987994	4.544235372891368	2.554229050232972	6.839880325816353	5.272916982372478	6.718259950539304	6.892542865675076	6.570606285220892	4.890107358303671	3.151003177581208	7.663904762181662	4.456381651570162	7.790887822245981	6.326078229131799	6.667502441359449	5.202879890869464	11.664314938381501	4.632115853888126	5.4826625584322075	4.831229632484595	5.632710030587169	3.605874969686503	8.883451618395725	2.3606082577036704	11.022537292376942	5.407265780991122	3.5663598579911087	6.152135530284316	3.065510974662453	8.952444353227833	2.9029587530943832	6.004675916355575	4.766534963597641	4.862468533035893	3.161749805617491	5.0037498519473065	3.1439779839129365	1.9685528730295785	3.0045474348022707	4.2787469012710355	2.9257962209453274	4.203982945701507	7.890240583435509	3.9061670899754186	9.105471006035666	4.583563592700291	4.953653290120969	9.208567005507268	4.043939431110711	7.940299356634055	2.904697363856214	1.1499473321356286	2.955283140243066	5.656570409478354	5.406224412696939	3.785538263315804	4.5391178599186475	3.5349742583326744	4.039168408574884	1.9967506256032657	1.9996141698264935	2.6802923334957565	3.4900026774490893	6.80465151760254	5.028881054503101	4.956249488289011	11.132732240972004	5.7763014884842026	5.87417926381239	3.3553581908243397	7.057194389115053	1.9261729087335813	2.8146432643632493	2.986845019233821	7.472685282902043	4.25939108390153	4.411788441546312	6.045336046166303	7.609910482810902	4.746614345928451	7.424269120406122	1.6353226827904195	6.837672894444353	5.902809928831911	4.06746115399289	4.654033294657994	2.5844734384287658	6.792306193091072	5.289924980484216	8.166356145008741	3.968328862136977	4.586326643483855	3.166423202750948	6.0875599278210855	4.365092931309448	8.983216039402379	5.9620876343619145	5.609465607881751	8.433177866075061	4.884588219672132	6.123551617173716	0.9920935500319132	8.174130964182908	1.9625571926060532	4.312092942218709	4.894088740247022	4.449444950583983	7.81046338863816	1.9987959359975664	4.320608615969543	2.5360939793538257	3.1444373395902816	3.0102283460846277	10.073677149925917	6.2565089130827625	3.1643789613146267	4.20522899093664	5.301677492195015	2.7884103546164196	9.831063346321052	2.679076268720707	4.232181684601409	2.9802970434292586	4.797895389422877	6.590878037817277	4.5581522627004	8.811525340170036	9.46204234263703	5.250411438191657	6.257203543770781	4.106748776222793	4.581666212266343	3.1315626474747775	5.031463921223225	3.473887023757001	6.293839569216513	4.41614501458753	4.203271926720035	3.243580061468047	6.873245817859034	4.897855187669836	5.191965211427572	7.279651294185409	3.5623723342785096	3.8441479500473816	5.315384882054574	7.104857462773765	4.148523469355817	5.838129257810553	2.134514470631711	3.430042665673074	4.2631698004033325	5.905372992715605	6.757556892571701	4.294706531320473	3.9432911242165853	6.787624652735791	2.1030180660141373	5.463901003414192	3.2122905284477934	3.2058835354410653	4.560885357324074	2.5958948535803987	7.338994987046263	5.738869482011829	6.853053380990764	2.907696442219345	5.963255859918902	5.040083628973179	3.966976142535056	10.484655780808271	5.172329577820081	3.027379567302032	3.5942430685665263	4.387508720842653	4.963424814951225	3.2977818739918714	9.680965923139546	7.397804382581276	5.226929287183886	5.538562373527863	2.869099048859006	6.7818455020187045	7.785456486332006	1.9513767079019384	2.8886756307159844	4.297337636194743	5.01521361915438	3.4391409132017965	5.5096557156786305	9.104953607327792	5.606201918534023	2.3360407021471437	2.5126091642197026	4.0327990880700435	4.012167518042853	3.383758283939508	6.403209920483659	4.493909085370647	8.330835581447179	5.570993608476876	1.019848701342495	3.989211329569955	2.9736806698069636	5.01733142223649	2.8921685854449586	3.915322457079628	3.8529654905176436	1.0978038072549883	4.757797372652724	5.959882790592939	1.9202126178031615	4.789741643238356	4.3602535093393975	3.4572273050735265	3.7553868309330953	2.997192669040816	5.439928712895947	7.293962683432712	4.263548615365686	3.9813153382271085	6.165566926655273	8.286134318644898	4.486801793726949	6.172171327767846	1.5454448359631796	3.0442501801729334	5.357627963722955	7.505172619252241	7.998926930814559	2.944691068737278	3.866077034119784	3.8164590367127538	5.865537083594233	7.648453213149648	5.527236169906232	7.557936918540951	5.528899574538275	1.9805597060644333	4.797950052405764	5.8082866049442785	6.74464232348165	4.1482185365615	5.975322749307762	10.561894377701034	2.109910954772397	2.3472026925194416	4.158454164052789	5.359622787137427	5.432448385014798	4.45713921446964	5.9474582432325676	2.3091910984801745	2.629642470331403	6.065250624036964	3.9343830153673696	3.8631201040503327	6.317649624232702	4.4080860646112985	5.907405479192748	10.114963497824311	3.9129466864711118	6.525387473370845	1.0345977535473379	5.699771720471672	3.45795342313087	6.437407842880828	5.0818217777003305	9.246528839828944	4.839575308320756	1.9979171451021251	4.562487462291539	8.910905936329993	4.8929044513810025	5.660020850575124	4.459269570462479	4.92357582537882	4.215431540181467	5.7319300730037535	6.9290030035751355	8.154238093060938	0.9835668184980958	6.6682597287563885	3.719116661605338	2.3918632388560477	8.61317601458888	3.0532455360058215	5.014231429525076	5.454543387789835	6.479182759766251	4.073349042318353	2.2048739344220794	3.7973674911821496	2.9396474355651194	6.065796625878903	6.307078996630989	6.082893658620052	2.1489098655147023	9.117680716115851	3.4244213784630877	4.904001078556905	5.937939696112465	2.991452349828893	4.915175165235243	6.790451676792195	5.9211759611151376	6.154165555929358	7.29780686632176	4.043744382812646	8.918379262443782	1.1031494512608562	4.876615854644017	2.9457989533575004	5.902991085229488	8.06144833060999	5.120848890277247	6.269634124671755	3.8973870061866553	3.933570785596797	2.385747495640052	5.565921999782581	6.512302742100446	3.2321557057856114	6.770327458508889	4.975457645586644	5.892883612053942	13.65494705220386	5.459915010662884	5.95532210475927	5.399450155189672	4.646402634123585	5.828556747367237	9.074614827472432	5.825527614578795	5.884861901058723	3.5338891888949346	8.122294107521393	3.705332179669059	5.839791230489658	6.655684799971494	5.826538791732846	3.9376000053338966	9.417425271262232	2.6177618392867417	5.015680725729784	2.1231572322922765	4.420082253649876	5.958499401689012	3.9170137264174167	7.108837224886064	5.771045607017186	8.650720164488195	4.868181594733395	5.6731862733307645	8.079254450267332	3.043308820885127	4.686398705617816	7.8847941645270465	8.006989520888185	4.665685997055917	5.255954019341534	5.820921471995063	7.510958476810368	4.8408487817342705	4.953561235629777	5.737100517354817	5.074513349389755	2.622765680660561	4.857261913882842	6.924783615963759	6.043572051554519	2.2115411049582443	7.0836393810738105	7.965999059771692	5.315435542385811	8.501588299003044	3.864786728055493	3.1755411911251556	3.956119440962037	2.9372945683346705	6.597432466981351	5.306269852448066	2.93865153342983	2.477582875289146	4.340744536745229	6.831813425680661	0.8118112091712794	6.832798410012033	6.7889534442137816	5.840529150851041	7.331968953192206	8.76498508201243	5.850221990720438	5.915924244870207	7.281295066106137	5.886838630180752	6.743201138176068	2.967128990461168	6.026033073131546	4.270858933618127	3.8939850564650005	11.540793835522312	5.2988704847616726	5.655978153300315	6.167061743766237	3.679146306184717	0.806516514336317	5.692570158228045	4.857430667320838	5.646298665690948	1.3351938286417193	5.251211896188504	10.092779319731385	4.117629263230502	3.295715932283829	3.626209268155948	1.9911626782033733	3.449703016027048	5.837049820592064	6.264730775091769	4.515441745782184	1.968697982884227	1.9499056080495991	5.018094700215202	4.3973089921709105	6.170963656138519	5.81804687053231	5.3645647599083555	4.051646948872558	2.9195859583660155	5.260045046612746	5.7825814345599404	5.220032704248094	4.840038531147012	1.8691693545970234	3.1160452959870573	7.6288454916981125	3.375235537708718	0.9907444820521881	3.893819159025936	4.668323937935429	7.575863831901374	2.9247935467062556	7.427926378674126	4.505544738512347	3.7481006085310176	5.853906230239122	3.7906645630537685	0.9933202250276784	7.695300273176939	5.374755688257471	4.895254588248674	4.1867201324961485	3.6618557135634022	5.871756611177555	3.7489490241769317	4.847614998532362	9.994500044129763	6.050144239012845	3.9176279118844963	6.9179645636531895	2.2985262854825206	3.4880409886958716	2.928956019286753	4.063692970102695	5.879178999077905	7.831495447094697	6.140921331587224	5.570464878468922	3.191803709306448	2.323617686410753	3.9460730029620357	4.547579867976304	4.7308353599518025	7.465011750886316	4.522871977229411	3.0690823779251546	3.9834443384918394	10.018493507866024	1.9819820806417996	6.42249095398068	7.177498756065258	5.459936538796513	6.9060903917681316	10.888478321040662	11.131991405945564	6.766982706633761	1.979885504854491	3.918278448274167	5.3419210694818995	7.625794664806766	6.647186810352563	5.839546200061711	6.029511883421263	4.963856831645376	3.0609012609397426	6.42874084881548	3.366331852405339	5.3364564981569425	4.609306697232665	4.488900274293868	2.4216140763044818	4.919029256985048	6.209273883621769	5.833808160737966	4.840162129475958	7.874065209121739	6.033564804276435	8.31092707736889	7.264172928531434	4.978570793250479	6.699658178775092	5.135847834107806	6.286391177175666	6.329858889359341	2.2660630534910977	2.364243167917755	4.997656342592994	4.7676869238311514	3.634852527448626	5.539942063081588	6.636024856531976	9.347907254504813	2.540942129701505	7.351886456337791	5.295535187792295	4.868473964912118	3.881756528689075	1.8404638542082168	2.838068532354498	1.7050524005084562	3.9103865697948335	4.561676384567286	3.10711561245808	2.6847540218831023	3.206534886109858	3.890466259338668	5.14405790765519	5.274815166082082	5.170229799730079	4.543827706878965	4.107836048114989	4.006489912720505	6.321346173043579	7.136297780726146	4.587242836691393	7.827022204869774	2.9238281205123133	6.914526897974341	7.476608611181537	3.9453212926415437	7.5698699602882575	6.790501994404	1.9802816934850305	3.699127321843124	1.5006282625137284	5.665867434721719	6.429521989323023	7.073363674944059	11.192658580671537	4.386138016459177	4.226908232233878	3.276450683067737	4.373555659826242	8.446600905095549	5.357248661498681	4.007370475393979	4.941533132921958	4.842221538101767	2.9305726904110894	5.820337120146717	3.8373927572833635	5.40831405379962	8.505795166600569	5.703189489797665	6.796794036929765	4.820284582853403	4.603969295775374	4.597702017883172	6.020677942924975	5.006493891847855	5.539035516835396	6.55416370433324	4.487272698461826	9.43912791506468	5.747845252140662	7.574016547473923	4.836542472315679	6.984191571857481	3.8027439127608287	4.2137992794115515	6.8817412773442275	7.4695562470847925	4.8168635985335335	2.5394338387971085	10.723985076789589	7.596247953015673	3.9466882041342206	8.976156526650305	4.986400856025348	4.965391563234412	2.704021782613893	5.0086460989295265	7.7450674198309555	4.816850117025277	6.32080234590652	5.159405280095579	4.529859785156947	10.09324537390335	5.5515722819974185	4.738329746436677	1.3420493546897583	7.290110573338181	5.182960484389522	3.7748481752902716	1.958193253154134	5.126151351207055	5.254444187813069	4.788959726309554	3.3113419259570627	6.185155285250251	10.010975078754914	4.902837894781456	7.881543679263102	0.6682303674462613	3.635172974966994	2.613901812888012	3.011431074043896	2.9888236182180212	2.0729364959224013	5.7745316471699795	3.9542747565997978	5.029060517761265	7.1449079769929895	1.925255248019814	1.99002186566987	4.00269516512307	3.919922937977795	10.914555456470818	4.828749704229292	7.798802299610878	5.708621839343898	9.76806548675442	3.0244777590852565	5.435583514449915	5.237212608147569	4.788567854069481	3.449257924033234	4.960211169740602	11.119027986934544	4.013959508384228	5.459673058451978	4.937626012493398	3.170394589466176	5.469436619542887	4.560969078364747	5.883327459906931	3.969712496036394	8.554262092655506	3.7648232694413792	8.557268948471842	3.6960502751429156	3.734704644204354	4.9638261309925955	4.524239247618181	5.055027025525394	4.944114690511175	3.309851295123666	4.0414696757101405	5.039823492715405	4.662315832047749	2.058953568550503	4.900796516595456	5.886887697094965	3.677919851232552	3.5776341319299685	5.00335123668311	2.0270385623876384	5.5801897466684105	5.426684866179006	11.862705167616266	6.5227724387764905	6.82758519717424	3.4074206262847446	1.9937829332658374	3.138103629614049	7.774074380611448	6.515338147314957	10.01647033768167	3.582057120125489	9.268284896313965	2.35161616186509	6.587216034271484	7.870634551567716	3.654114428956258	6.608137956726727	2.916053290442886	3.7069277586323635	4.697646667911036	4.946950731253274	4.798214829883868	6.507026378062463	8.85618550916581	6.247776421928409	2.610498952540055	9.274386258666514	6.321210960917319	6.097421393499033	2.201658704898241	2.0286699050643615	4.537112025071462	4.859936172768387	2.4448134075030317	6.820512677538942	5.7069935372239	2.937727317408194	5.418711290239181	3.5440299650821	4.9825627594038835	5.477575730098894	8.778439052624305	4.486842596621295	5.300083066172912	8.83653560199463	5.774025767928054	7.767232092864199	7.990013156626296	5.4301591283936	4.779710988717898	2.5679427466553055	4.282672061712259	4.604222865579456	7.26975220420673	2.5635318311297457	5.418547293759505	1.6981271308048878	5.549803389659417	7.4890120894011405	3.5647634417361487	4.861930506219255	1.6502612418125135	3.1014495141570624	3.9692890767059152	6.283179607206649	0.988680139552219	4.549032032691661	4.0740943408317	6.925181926203426	2.5298703075028928	5.724201829960699	2.249950899557759	4.356795526049345	4.738070556018386	4.357130029354448	3.505423509927754	7.7677062801647025	5.045446810527442	4.271251272476206	2.86616198605351	5.2492317802364505	4.068286104061971	4.5463480607097875	5.601520888573835	5.429247264524655	3.4174351878221856	5.316354912608982	4.165713025068363	4.913684071300832	1.307838296840877	3.8003703131496644	3.91154823452513	4.9391405397948045	5.147252071469648	5.665423031439782	5.279464100313288	2.952837329517992	7.969011422585655	3.4005334028608067	3.8777845525906196	6.732488041390434	7.455193584483086	4.146429194872619	3.5592187606950056	3.970741328762368	2.7276911236157706	7.028453252308135	3.877948743054071	3.9460783938303274	3.2499900693746064	3.943697579210885	5.004674274064963	0.5520437154170579	5.509741090330547	5.536195206408819	4.49369494353567	7.8784502566435615	1.5473600760372288	0.985481783963891	2.79778319388698	7.236736627098808	2.8506793152609693	4.279934083095269	4.720054261364383	6.118403269097468	3.2185122739003718	9.05793929364208	5.0562918666463395	3.596375952749692	5.103830698815477	7.771468882011195	6.8330316574145105	9.37566551679189	4.0744972779683115	3.3321886506522933	4.8288154858081604	4.980211958517001	7.888970346798537	7.412368135083909	3.895661691793816	5.203863868535549	2.9780370231772686	1.9642994878382607	6.54305372374718	2.766025978044469	7.37166399631011	8.103027392678278	3.675622914824284	8.102251738717902	7.4790275865545	4.299949988187558	3.308640700833945	1.9127901969596366	4.7721443680086235	4.6657190806074835	2.790153313965115	6.687628107441892	5.9906153978380825	5.279526471020298	7.483897937339467	5.859521843091853	4.91589476409277	5.039077718204347	3.8462040781107047	4.099874733462114	9.195373327007417	6.282520601716298	4.9764566813816025	6.400218855240808	1.9663311624468942	6.144163751232388	7.314490233718612	1.0816889755051953	5.845257013112446	3.6585965550579176	2.986488471963657	4.837834450105118	7.846516682722008	3.935283546940987	10.45588354061775	4.517807398908368	11.48218176011118	6.320470641952997	2.100821284624679	1.6518770095054485	0.9912467841873203	2.60646205253118	4.576592736803404	4.593854203837444	5.570964877986954	2.903695979264237	6.201603169304221	4.986601086526074	6.722819200766044	3.084193067014471	3.8812826726336644	4.546543924423646	4.862196454415531	6.488180269307231	5.952346732632366	6.072395714665517	4.616340391647198	7.0213254187243175	6.870343482887488	3.2833893926466122	9.767304164865957	4.287852313832918	2.8030667360549626	4.431074788306977	6.30347976369281	4.21167608704399	8.419827980885163	4.78236252364221	5.607368075330378	2.525217686312592	2.5075168926975806	5.861513476763116	5.1000352637799775	0.9858179610368064	5.2669830859260145	9.349519867640591	5.348006452381241	4.001885386023577	4.036095056436189	6.2612081851587185	4.9045114128454586	5.579989698654488	5.432066126790905	1.9471450528391852	3.8369021546418303	3.024695825748214	4.699997599774447	2.3866456059436	2.4123039712175682	5.810628541230556	3.882775004378085	4.937802122685757	4.715975220966504	5.890710015831585	5.649213694510935	3.3753599571764226	2.9259929406973115	7.711486064437967	4.662858251169983	7.959162314217012	3.889942110965167	6.440746353145207	6.019399159250345	4.8732831320050565	3.972933942869465	1.367899475730208	4.4121634099971345	7.573465370556132	2.9765790167511925	6.12350944656065	3.5369798466914197	8.190211098787834	6.0005851356683175	4.540567314330852	1.967882563360128	6.686259030905717	3.114633856578712	4.045730452817938	3.784264815963072	4.17667043147413	6.0264557324713	3.883458514623449	2.9253610468686575	4.18309264150112	5.565292570354368	7.567512452723484	6.2461122388599915	5.766158691331007	7.116224994983172	0.9729158666210156	3.8457226169141343	8.806126984448687	4.718348003426581	2.936245711593819	4.774873006587194	3.522575981038499	6.675405437758091	4.805480882940617	7.549097958696036	6.446565480385905	2.5283308696422497	4.065442740410908	2.927432694783452	1.979553696566336	4.919494252149579	5.959334778213463	0.9762831087945129	6.3227415188178755	1.6373969073685408	3.972007769076764	6.07233515296643	5.929318165325712	2.5009360666063887	4.8105797933341705	6.218221517349484	4.311450955961225	2.5565167715722645	6.642428451180754	3.3344804408573734	4.350367135524819	4.251632341280933	3.058564588340395	4.668426123651873	6.556380864090398	4.8840298446956725	5.782589434320661	2.746463551179617	5.687819309566669	2.6100125516233894	2.889888683117916	4.634847434890286	1.90887304992306	7.6807918938652024	6.214856660151362	5.735384955884606	5.120522633500631	4.113870363939996	2.9530051022242856	7.383709596282813	2.1949286771348326	5.3864318510750975	5.882760470064324	4.901663681270631	2.2628312647310382	1.609763161356878	4.588204768658389	5.510333681213773	6.171594544274003	5.358468269378913	4.231491499699106	6.574378993806107	1.8275808918140395	4.693123244300262	5.867974858525618	3.2893934380367793	1.9400983683575264	5.362868718802538	5.975689398119753	6.657204418455277	4.448612625741403	7.182899289598116	6.608690333892062	4.03370012391878	5.170450437961327	3.869945867393034	2.8441998744946715	5.224974119081238	7.276791982124501	5.809856797726539	1.270646722912986	3.878220724043522	4.5454688928001	7.8257603975574215	2.23573734908057	3.9081609818236873	4.915982563238315	3.8892162172650595	2.402001546547494	4.233375984031429	5.833565267293205	5.077080006925067	5.630706568332133	4.6823584111178596	10.322321590362849	6.383652017276671	1.6834238019714791	7.470936452658128	3.2914315794644446	3.5300331062600705	4.896221263400182	3.630403439032688	5.044560440559205	2.869439325986574	2.8961786963281146	1.2901612760175258	2.281705807492251	7.58156905144108	2.20720706697255	3.6066564141408195	4.8958517288902845	4.473275775071505	4.289448794804875	4.941619255059679	5.6976564570775015	3.964309897431231	9.816273390267524	3.7647509708865305	7.467686959636461	4.240728659829016	3.9545094006684667	5.786834050025259	7.804828904600554	6.211924958066562	4.841848933827939	4.894188398422949	3.1661756372889047	2.8348934673921526	3.280010344000126	5.623039167246737	7.211327597457588	5.744167567056905	3.0632004193629796	8.000449965936516	7.051779157878861	8.906231740962665	3.8681425204646636	4.102045552151202	3.9260529273726354	4.958262043369849	4.8781976404706295	3.3484051794399723	8.194821473266785	2.9694307435051663	3.9484814815544396	5.970994023797546	4.223660738964159	3.200848057566024	4.092952009624327	2.633662802979304	6.941671940227551	2.7049958299853345	4.963633593523343	5.1873768943526075	2.950763139167398	9.209768598427774	4.084208887257425	3.357987420199572	3.9473567912589838	2.489803446988102	2.9505302602613397	7.540271050595556	4.98457323677737	4.522693167359888	5.8695840784480176	5.006147984805701	6.327690105284315	4.858101630094588	7.8084539187996596	3.2524442692910207	5.144645512456792	4.102747487688605	8.811461948255001	4.895308934334592	6.884172600397262	2.369155989102318	2.6524114719567193	4.815519009690942	4.19199107680632	4.80064519362127	5.246800924520259	8.070604381681967	3.708832266936148	6.779333381500762	4.740065748985614	5.130820593299426	9.073396985041018	5.39526341409828	6.484811469193256	2.7020390953096487	1.5385362981904367	4.537266228714616	4.903762936033989	1.9517452288107897	8.613809175562743	5.862350502317805	3.1502354316625776	3.149832455136294	5.659693798134915	7.382403262676371	3.9039080470560577	5.6958574963515805	5.538964389632976	3.8122965070957338	3.1230224554924537	5.8562620476669895	2.980065104622928	1.9603761372275212	7.130350201484581	7.288855414293947	6.743463534941576	5.5948986894064525	2.9902608416232117	1.9472413374367523	4.775479311125303	4.280223066628905	6.61750209218262	5.710170204239621	3.6060925678374427	3.784174846180219	3.9842761409935568	6.4687106887411066	3.901422717720527	10.483279384510215	5.195206475805621	4.428635186199796	9.686088080628997	4.842889590478903	6.746889785670061	4.960870396784943	3.9351768161575413	4.350021406789571	7.746411197630928	3.6855315684115775	6.524653975567249	11.78293167465584	6.345856051496395	4.06707523306475	6.956629750910311	4.869545384420357	4.881735253653885	2.305027513640965	4.72653695151322	4.884048780351102	6.060551421106759	4.885777742289434	7.982840882999417	3.704853496128248	1.000253861062634	3.73643611742924	6.051192506962898	4.358296757041564	1.9728864916233593	4.522858944295602	6.334074546708135	5.677258601143663	3.2561917091027266	1.8051492673981024	7.308011132365454	7.619438782937416	4.811149023507051	9.473851154158549	2.737128781361816	3.6797253142545423	6.541373781123396	3.6243480720164305	4.248262082182977	6.317329498038363	5.264235245018956	9.409780750471734	5.603750715856583	5.0107484211183815	4.961151853597411	4.00324344804859	5.544734322873024	4.037745376788748	5.119818806902629	2.9005022210368496	2.2754749031230594	4.336154147128581	6.292531157784034	3.8332950995344146	2.0597348276836143	3.1387597902868456	6.595705506933244	5.0833700662496835	3.4117072226804654	6.0056215455237405	4.907946464954589	6.019829877240715	5.885059758572632	5.443779599489945	4.5599730845408155	3.779148489324301	3.939650084269033	4.897102544419717	3.1283642324951733	5.489036666468156	7.2763843671234865	7.261885287195421	3.9310019642035434	5.89585125340612	5.276129076384453	3.90140620968751	3.964562575850719	7.95319450276415	4.075218308408773	6.91160346937366	1.8271530995114165	3.919668731762214	5.287403313603159	2.5174111695859493	5.220578807758865	7.265830253353817	5.631445300863888	4.772445088628965	3.729093988442155	2.5995668700573162	4.290755260419668	3.949655806769157	3.694591976133952	3.303061913519334	6.224515969183243	2.667885134504064	2.6530821159601077	1.7531606698023021	3.0799107726000647	6.309525272612479	4.3900022471584075	2.0053916798555655	4.4885938183538645	3.3430593975861758	6.067845619508425	3.898055951035012	6.736491654990447	1.0038047793729132	6.121381405200002	3.855131118433343	5.887728566117592	3.366728539107761	3.1227918849975906	3.0896032608909993	2.9268989674460935	8.433085229726386	4.4108372162975495	4.117883608811466	5.886323738803946	4.493944485427511	7.588793009101748	4.682974893104729	3.5564810164431364	0.9760150657748798	5.587885797321903	6.120684718418736	4.036621905897598	3.281175926457409	3.060273711032935	9.644553287783864	3.6917112455226255	5.66397912215208	4.645329250739928	6.749829528153828	6.26621639190732	2.917416575383121	5.042414467305311	4.8980770892701715	4.261815727780014	3.1112769785905194	0.9720646700674938	2.6873696013226787	3.4227075550671966	5.306485267069971	5.892107060215241	8.332408705710652	4.661517257324905	3.9075396833571845	5.893981510520338	3.032059766491346	5.020543289058442	6.871785481342198	1.3220490427860054	5.739514515214169	6.782752145237079	6.966293349013855	7.678124069333607	6.6099808940226685	3.9257330856760513	3.9195001005658883	5.530884772182905	2.9140100646132248	8.321738679383685	3.8612964639273133	4.906177557043712	4.324009395755127	7.41494865183629	4.878301191023156	4.077104669981381	3.1538312925653496	4.451553415490291	3.4298888683960955	4.4212962918336025	3.8491208942723447	2.9317017068503497	7.494438293509682	1.990958491944341	7.284295681789697	6.737817569157468	7.897267861651373	5.194519701558733	1.985212029136857	2.717695616317066	2.8918716960628297	3.633789930781333	5.8661059905254795	2.3575398182543377	3.7752080354751683	5.848097389192803	8.888386849827452	10.597828648784688	6.23328356353191	6.108504576914032	8.590153286280161	2.792245304776134	8.130808394997286	3.6243950940571628	3.9138188069288167	9.124059410462134	4.6258506347392725	4.193149738962343	6.192375950309648	1.9405242987751048	2.5288244921080847	3.767252226041876	3.5879516643962046	4.205279012205081	5.67514198971981	6.857855810572801	5.2194107689111435	7.516830718809253	4.928968377264818	5.858328505767807	5.19940046745492	6.082655998364469	2.3266609062825028	6.15776789867607	7.968955686628005	6.972236144920984	6.554481300720794	6.801860988741906	3.2984892324964723	9.970330329609016	5.824560661432299	3.582758489402427	5.923145913826744	9.941030129053887	3.768469795761462	5.673223210678206	6.084689686703516	8.258575554725029	3.899423079103331	4.858488949314818	7.287896166917612	9.202349696185026	6.0121265675385125	3.9557246233232504	4.716703010851276	2.520375773093494	3.373668410911639	5.223228921304203	3.2545933100735764	1.4832662480189234	4.145949051193114	8.585339897036588	3.0653631644408406	4.924417215292225	6.186642941391902	3.4245523952745187	7.664934964438156	6.946668897155821	2.9818919741835943	6.953405257876052	3.2952549111311593	3.668123713448481	8.802839378058195	6.039643451208602	6.205125993474816	6.863622215328882	5.887103680185033	6.480907359536339	8.320821536676837	6.030662763889291	5.831197281331584	4.676724326520674	4.914928956233742	4.783940690636949	6.523308255945233	6.302646368142989	4.93356069715763	3.8333058860492146	3.109949101941799	7.399958059799016	6.783069431035827	4.705821403006733	3.7228946027340384	4.853705468436396	4.4886360139109	5.146373446668726	3.9312318719584747	3.9551434311183495	4.289813325840494	4.26160990483775	6.915483792229838	6.68785348739235	5.636005787726605	4.127487743153067	3.864647424848721	3.8731954651652805	2.917614446710202	3.1913564643143286	4.313372872829672	4.57489352043357	4.139473940874194	5.914414888057835	6.152134579406747	3.7780088586731755	1.212097441590575	4.805048675435879	2.919964920226808	3.8895270450250448	5.866391308589606	5.272202754826684	4.648734698435908	3.2626133072727166	3.965924184216053	5.294316315696833	4.670868053193437	5.480768390367922	4.988126379180486	3.698343200326325	1.9544540889479263	2.6039204369982465	4.990451260634261	3.8964657776437317	4.166953042652376	8.519085574381524	5.091524179330784	7.441400892976446	1.1307505144853631	6.705994271442465	4.0254458011471925	3.0760607838055765	2.998936081913914	2.914363767759166	4.832386050229596	5.8525877676228	5.141302352637594	4.082721423786715	2.4098467402174015	2.4615112508736554	5.579325704279341	6.036765518165308	3.0150460883317773	4.903129809278783	6.350871110343687	3.777497625083578	2.852568122543633	6.692859762027761	6.928021932745902	4.685468387839572	6.936299058950583	1.9598316327589518	3.8794486438017737	3.910292420846268	4.866494790012992	4.937368436652877	3.129657934669126	5.7602562020332915	4.950858670945432	6.46788149005773	0.9769286731332133	9.291900297496245	4.186398911993245	7.1270680971357665	6.1507757823295135	4.047418135047956	11.06523035789431	5.793350806401874	4.141459213119292	3.7804950194651847	7.886088548950459	4.577882326185818	4.825241181521417	6.048169889309276	10.87807426845731	1.0600463402277225	2.7245753615858717	6.875020415231409	5.663821251302207	6.903324425221856	6.513717944859513	6.738934092698629	6.048949528665251	3.931729460141287	4.508220269120583	6.779093431486246	3.2865002450188125	5.52115839168973	2.232471358726184	7.053815037220989	4.016960879916306	4.242592170242653	4.771906641466863	7.975190131598543	1.0444603762147897	3.7278798947681997	6.246999526908524	2.3794424122830646	4.4069991965629	12.10419220627587	5.780402824085749	9.166555261123321	3.0450081940363245	6.015287156026452	7.734175246851627	5.718260763563148	7.742430977622185	7.142536025592305	3.7075224798177744	7.341837107728866	4.878483310445578	6.001938647579489	3.9157614892522634	10.136145445691982	4.2173499487306625	6.453012460863209	5.553411023327348	7.293256899536565	3.426610451107471	3.7491990303736933	7.633762885906209	2.8455621114839023	2.017266306447895	2.958535520831019	1.9863448771845569	4.850256165401	5.532979884145408	4.492361508483519	6.696114033863511	2.493699647037451	7.097959484837757	5.748007351795629	5.806284712298833	3.0433325573825196	4.573565881431968	4.376727503305362	5.384321385812459	4.176726903385883	1.9461318751417456	9.566987989537337	7.1343475216366645	4.808356299572219	1.9610727650005184	2.1109045502901354	6.781996672726838	3.2817572551951355	3.1222219281183343	3.544382900770219	7.925868529652172	1.95385371664117	3.935754547862199	3.0281621800081475	6.621604119632166	4.968711525579968	4.948516827397069	5.160916934634961	0.9843071259900638	5.643953440658081	9.581768536162746	3.9000160279320633	3.01891216220212	6.932073615527371	5.153386509249997	3.7715726317162503	3.8936128412798547	6.730533427057012	5.8063840919376375	2.5839250470845005	3.6679675965018217	5.798371795516894	7.009417053871834	4.303096574702757	3.65986403427252	6.383378332614277	6.002195430090642	3.8521905679609074	5.948230609940104	8.08439352904107	3.9201947147988516	3.8858112984803563	5.603599105867177	3.9270023696097547	1.6687347968473882	4.91972511582664	7.027715729824508	5.103266949674596	5.594247019376883	0.9996014631670992	4.75089163773604	2.4177214349649043	5.822913062477763	6.477388063118751	5.689460402815126	6.409583257605237	2.9427319030321883	1.9532430370500902	5.389317696842761	6.756076603955345	4.189742816969236	4.5799249255815155	6.614757336342923	3.750621695807408	3.969660758496383	7.09204806513211	1.528662677506564	7.754114669900206	6.284994279871301	0.9794638707398893	2.4769955626410805	5.733987881713225	2.4135862419295684	2.941283928308876	4.099084730603251	5.01980572269231	3.864263941049564	4.274753148722701	4.90764796126557	4.743258264760541	8.738632920413808	6.37696257437659	2.975348627336609	9.90563075320322	4.378815972901232	3.5105631205957613	4.7103846721691225	6.460867174118312	4.857043683831022	4.2186301738686645	8.60296997559534	8.789022289582185	1.9544902261546788	5.146805866866457	4.94687522988661	2.7718445034304042	7.541049424817723	1.8219258654827692	5.505199013171366	6.411091626374752	3.9427303668475613	6.927077556434099	3.054641481362543	3.839027890018631	8.318965763758458	2.77415741176538	9.745903502067188	6.334614599383893	5.570070497939117	4.282451603498394	3.9430521877969276	5.350642588301902	5.493382385439764	5.933550085731629	2.3268291738470013	5.561464243801033	4.011709012815572	1.9976079025645825	2.2174592725261437	5.00322213058971	7.776016489187701	4.287817582864754	4.929186238138248	4.808288751945646	3.8519296365357967	3.042394380050757	6.094284351404725	4.562248024115886	5.701466441536129	1.9602972290260718	5.9234508313901255	3.9970546760013383	9.85377489037634	5.516224038565362	3.0523518753150425	3.4572035611140266	5.843961123782161	9.01376153079925	2.5701402620775458	6.224904404548955	8.971151808646256	4.688022529665175	4.53375977745223	3.9869609685008034	6.060728037121154	5.783620327846582	8.471319189331709	3.5916171771922465	5.279650300858082	6.108615708552997	4.047756454336648	7.707330044984177	4.127546279083353	3.1244412251852367
G10	6.516870745693648	4.560875797024079	3.2879630472830192	2.943123278329078	0.9716829241675929	3.8528923202835195	4.927745437086888	4.457610914929294	4.529261021524685	3.0275881333042878	3.3756775591292607	3.210196475874277	3.1481914638369126	4.238789769409247	4.88820011196905	5.366829570333009	7.9633732798714885	4.009654567922766	3.4327731907272163	6.728776267906245	2.7517293669942764	8.343085705893023	5.333962486047574	4.9900670575129125	2.8647589996317864	4.921605425470482	4.977250819276443	6.627658843291322	4.039118437210721	5.9207597359668	4.600439783252734	4.2849666096703025	4.647803729479601	4.281870800654156	8.323581034549603	3.3686935545992007	5.568186058781134	8.349265285144268	6.31038766839577	4.944234806126922	4.69188471734781	4.592976511027495	4.7936096863699875	4.880145914311398	4.157848166939428	5.959939892536846	2.2334257726252265	5.983178270073294	5.8050539376523504	9.351861831176866	3.210895921370118	6.420137259034517	5.579892018787055	3.8915205124999286	1.920359644468451	5.293576824470526	6.997660976708971	3.820521218646574	4.612362464866616	9.26624487213707	3.76615761039079	5.9903135774488305	3.654019351575005	8.49295684562078	6.559959474674416	2.8993554332965403	3.4179795473608325	4.612851328581613	3.222557297476136	6.918879498125391	3.8257230255519032	4.68372520639822	3.295200325615874	5.485066044996759	4.991909732767233	4.109152789881047	4.922700108291035	5.496708422833515	3.78290889755906	7.28719498081389	3.3438506777817008	3.0587492206355713	4.908941437893531	7.071958532832395	4.548494808166465	7.561079752624491	5.025079563854577	2.680413265202672	6.802851448762352	1.9793857262322423	9.20581850498086	6.904523752187305	6.031992486708003	4.854548447604796	1.4060091836460524	4.898987313088232	4.557582311868773	1.9847281282200278	2.3377630253252306	5.127135880838583	5.746603076326475	6.253180839708624	4.403896569557616	6.973096174912467	7.728397562410785	4.507766512989746	8.001327792569839	4.491631524378101	5.269213818119841	4.982579636531126	9.658601060666161	2.8455505670627943	3.336125036959804	3.8463727020564056	6.812694844978497	3.384841350995135	6.097995702296362	5.232711859925192	2.5465507322258714	7.205962002534565	3.313453041131709	9.092069802331258	6.512564112028377	3.2876424318738255	6.421917656341596	6.896044720226085	8.99355341964245	8.614200741358923	6.087300471806658	5.197336509880931	6.925123384485274	5.839072614800543	3.849230629325748	2.928415195624832	3.8618582219754396	7.172692483078231	8.198661661149373	4.329210918825622	4.240084749826765	3.8185936955405806	7.0840299582579735	7.668279370625391	5.988850464815347	5.91896831527259	4.884488121752431	4.818338288232112	3.9076450473817115	6.681253410241063	4.762832823335477	2.304333048732706	4.429028669942911	4.883772985246242	2.9686592114961505	3.752145280268138	4.163100654074599	4.762777716374387	4.723033000100986	10.376944250711432	4.916871219940454	0.9692478077494924	4.377778523744433	1.9543248127444168	3.648951824220017	3.636491783610228	4.183665733918174	6.670935105474592	3.795006317174071	4.98927327721738	2.917985681523593	6.01540883264109	3.1339508746482845	3.907882649309029	2.0179427044201628	3.304908105922822	5.476462032158773	3.729392567671278	1.9404688295180057	3.740640706732029	5.5930999787899145	5.478776266978699	4.2145588294083085	7.877128794812342	4.315286782582462	7.5937419263251655	5.54549525808807	3.503109290742436	0.9870736463151788	8.335597755349268	6.136743556709022	5.443110739568035	4.620303933589659	2.1599460871426026	1.737449659084094	4.924009923470822	9.932460484891372	7.87179672319207	4.492660997839888	2.566680617462544	6.818243110092033	6.914027921403351	4.448314638394639	3.746418250442279	7.116380884189618	5.848509676113357	6.143789580731911	7.34550468779259	5.577489114866045	1.9712978945891135	4.555217658025165	5.146414319613279	4.648245240165308	1.778358878541957	1.1531516191779136	2.9969063689308775	4.8483678507275965	8.588879533876781	3.851290960926276	6.018251096835483	1.699950168606762	7.874468686207851	7.901386062217778	3.9509892616500704	4.112167734185918	7.52743217761568	2.9548987788329737	3.4155030668829327	4.254596570211706	5.799490843560163	3.6771009638607026	6.412175781758077	3.694351076101578	5.453621585561285	6.0418362405980695	3.049276731849528	3.870316304190849	4.999625805507404	6.383288743405742	7.918418834446583	5.493934030684073	5.930970713450271	5.5454221581679	3.634781048323759	3.256537498321022	7.876131664740054	2.5045531958278695	4.01490209477254	4.38781572563407	2.7762347199547124	3.6537271466115953	2.130984288173264	3.9847039041973367	5.705147970523781	5.79659029497692	3.450577849109717	2.995582182246739	7.407146746405036	2.0176269838066423	5.492061079898787	6.166839962484852	2.919592212136111	8.784994426600061	1.9249756421292161	6.031686753774501	1.7455269693037334	1.9422050371342134	0.9796665536664342	3.895131457379888	3.5891420908634104	4.150169128932201	1.2997976217321268	4.231052034862205	4.972829313886807	8.812284918079605	4.18940997352053	3.0712074663564968	6.91242800783494	11.256440284417373	6.761318736965154	9.1479050122536	8.590594440979634	6.127762579378075	4.7343990145419586	7.745606007780982	2.903141325065062	3.144225128543095	5.727107460605604	1.2809545965228246	6.599391716330088	2.8579160574649256	4.296289612135882	4.165848235482228	4.2836185035851	4.279022216618046	2.0059566315916646	4.2312999370589335	6.466522259593249	5.8031410111747626	6.193806011199959	4.354989558412987	4.707659458525625	3.9146112308426604	3.331521054981866	7.872601631386154	7.591501184534198	3.1788329694739783	8.333480117900981	5.753420368337201	3.250758950831642	3.0262966676558194	2.330185810043323	6.67445212902006	7.443638102979589	4.858965760160846	4.466069701544492	2.050724187478111	4.288097688505616	6.786903348909892	7.757491289726917	2.291712731799749	1.9973515015921282	2.0688691320752737	6.381152253415617	3.2047898966096864	3.433283300417913	8.046506958277162	7.744102660910648	5.908774594666269	2.2016105338154826	8.062794632744753	6.615454737693253	4.688822002675219	3.290494246991673	4.4417713693032255	3.5998016410015663	2.9872077927608824	2.9553097269618713	8.067032149131773	3.0274038817394024	5.223784042456212	6.946046946620699	6.924403163956418	7.532027938828854	7.790402517520963	6.0523603450850665	3.4480584167894244	5.683176510028837	6.661951979997067	5.813432031071552	9.107933488432218	3.854372861240854	3.115085592381271	3.8796855005300546	8.135911064202766	3.9100353391133233	2.654788239476331	6.244466582194385	7.910857336626096	5.305413239338874	6.265473503427597	4.514693113680986	4.982332887621889	6.761669017508363	3.216402462972766	6.127015729806919	5.9201523680740475	5.7306918793499975	3.8381836517346977	4.649934394820499	5.053515835781632	1.692114356997097	5.022345879766679	7.742625201334985	5.554539321535598	7.30858427411295	2.9436168968424443	7.9675126098041025	3.0024148847352667	2.994423981098332	4.80668216602391	3.2491584212565456	5.205594106814715	4.949501115023788	7.894128719332556	4.85527659764528	6.018586624316978	2.656247103131488	5.022127263272513	3.0209197204448888	7.014369468321366	2.0711945691290694	4.4392782591544595	1.6222411002643629	6.717437778502291	6.34902275754582	2.541539021343473	3.1044172634077665	6.1916424156467	0.9994975152597307	5.530091816257994	7.086844119665059	7.332879400136583	6.391574105553477	5.024992463053742	6.103452052075561	4.337303751658225	3.2761874785286342	9.863097595490844	4.753113904781052	5.071269989068629	1.257237144379277	3.9759824155796895	5.793581765031987	3.7143448697516477	4.296765862205749	5.670717140838105	5.256911732302461	4.689157762038046	5.18062491597156	3.298719683032128	3.9468148585119605	3.8720966285040785	1.5188932104544313	3.880421551444278	2.21003646035161	4.873783143443241	4.715764183743771	2.9299829768858823	8.698004051724878	3.3194809207245366	4.6175678237091935	5.9819444722206665	3.948049099132274	5.91901523490472	1.5584311756319866	7.31069189194308	3.7173928065043493	3.908095171317088	9.722579264888703	8.92006982823012	8.216141466702176	3.1166765090664645	3.0509319638768626	6.256215804905373	5.820020220247249	3.9941206095089217	4.327935021482779	4.1985674662581385	4.986755872371753	4.212894813108993	9.707888502177484	5.581779060274377	6.396447745536574	3.1959129299349076	2.9598593554034216	0.9939299253225258	6.924178927315703	4.739981738708855	4.27486161274731	5.986762034652213	5.037709373114306	7.294803420444062	2.576038887338718	6.961029919479453	4.00906897006972	9.831641714772736	4.183042696760246	8.129809681298916	5.356531081780576	3.99001601773264	2.706341929060189	5.861264464216213	3.807717600998463	3.0494038328359263	14.16464171717059	5.500498312886218	4.5901863353553995	2.497718254929538	4.504184847739312	2.3919321584858406	4.671590118677431	6.767357202081043	0.6304112146415145	2.7945808952517353	6.689999272497535	3.588092284766386	10.177808531354033	3.0208414895645403	4.526425871176403	4.2498972004108255	4.847188467319494	7.88311679791308	2.0754592955313003	4.018793995594648	2.883784298817983	7.283642100973253	5.353760981142289	2.6337126558975457	5.292914514227613	5.318449911474827	5.838455974766999	8.044536718821517	1.9581727251870336	6.146971293882857	6.933591561445591	6.258889117977256	4.87978690914761	4.716815197134349	3.545242804633943	6.736855075893806	3.8179878589713963	3.0023434228613737	3.910033831187664	5.340144374246463	7.531117613167767	4.55901502557467	3.8349880257918034	3.0146058497742816	5.938798323679845	5.479599678339703	4.3777046696993205	4.908491587903609	6.334156120408846	5.3067192274617705	7.904343820503226	5.967451888010754	8.012452876374374	4.543869011625068	4.5704971358370665	6.243939699901329	5.423155698006283	8.556034181576297	6.486194861245388	2.9767458587357924	5.902678406550868	3.3669225158513307	2.531647437739534	3.46714830003986	6.264466817574527	7.7899607487440266	3.8562780808390653	3.001977298397735	6.842326698104952	3.6602027189634017	4.988298243739106	3.7916768682384814	5.796561941695174	7.6796569306678695	6.021951355692119	5.359840746735828	6.025566150672907	5.278837824868435	7.99027645439929	7.389896210892294	3.5212422710416544	4.597071508722882	5.113536631012871	6.028375559318287	6.199865746078471	6.085235937878874	6.122873450070456	4.40590952835573	5.196021752560924	5.655944764857692	6.6343121546713935	6.266553635319847	6.958543716584188	0.9829469086532827	8.273232332113063	2.468984134162478	2.5127051498256243	3.8986628220506727	3.266846902045667	6.204663690178572	12.356101485610969	2.256233950906937	6.119222146039539	6.6564295782304415	6.698594290606456	9.929525312931194	2.6730900646274844	6.719607856760679	1.9329899038576306	3.9145166021115716	2.922375265459667	3.0370333750230913	1.6916229598895687	2.964678815804544	3.3218969688406634	2.987348844259802	5.655714396142693	5.347480465963336	4.059323456416835	5.339970558879671	3.9679340820927385	3.443056631693739	3.0979080854695225	3.0554512322571874	7.118460357499527	3.858431584441041	3.9563837853538253	4.1132430069971235	5.9251805651368485	6.8142222360901155	5.872857108466933	3.035258677554913	6.028462861579173	7.289409714380069	6.47871766328107	6.346519364732459	5.195460832620263	4.769745871458356	3.0355231184404614	4.806813200493977	9.083293367198843	5.9393097755336575	4.81296778228177	4.573673123637097	5.571499357704002	4.274695019992133	5.011025297460436	6.448132214376733	5.325254486037098	2.644121627394568	4.5414951389486475	3.1967717855116673	6.671448628248071	3.0039528537667457	4.7244189931031	3.9109045241041906	3.1662257665507534	6.52753092935051	2.5700548475058596	4.995743924759693	4.0890835430335954	3.342390582439887	4.770407859931371	4.835451760368501	4.944008250777084	6.847682846825504	3.7405341116979356	3.410824699268007	6.756332521033862	0.9806038266469633	3.7341182503482253	3.9348388223631714	3.2185678730307457	3.4081765296685256	2.554229050232972	6.839880325816353	8.286012400871037	5.225313294863903	2.9539469424321756	5.054312527092994	4.890107358303671	8.822808897227382	3.831952381090831	3.819755701345853	6.05957941730243	3.5144879050732216	6.667502441359449	6.50359986358683	3.8881049794605	6.948173780832189	3.6551083722881383	4.831229632484595	5.632710030587169	6.490574945435705	0.9870501798217473	4.131064450981423	4.538691826272858	3.8623327007079444	6.538326406317033	3.076067765142158	4.087347966216604	5.509196525063282	3.870611670792511	3.0023379581777876	4.766534963597641	8.752443359464609	2.6347915046812425	5.0037498519473065	3.1439779839129365	1.9685528730295785	4.006063246403028	1.0696867253177589	2.9257962209453274	4.80455193794458	6.3121924667484075	5.859250634963128	6.503907861454047	6.111418123600388	4.953653290120969	1.6742849100922303	2.0219697155553553	7.940299356634055	2.178523022892161	2.299894664271257	5.319509652437519	5.142336735889412	6.178542185939358	5.678307394973706	7.781344902717681	3.029977935713721	4.039168408574884	6.98862718961143	2.9994212547397403	2.1442338667966054	4.886003748428725	4.8604653697161	1.00577621090062	5.506943875876678	6.803336369482891	5.7763014884842026	7.636433042956107	6.7107163816486795	7.057194389115053	4.815432271833953	6.332947344817311	3.9824600256450946	9.963580377202724	6.389086625852295	4.411788441546312	11.335005086561818	10.377150658378502	3.3904388185203223	5.939415296324897	5.723629389766469	7.521440183888788	4.919008274026592	7.321430077187202	3.6198036736228842	6.461183596071915	4.24519137068192	4.534221411843613	5.61436984969351	3.968328862136977	7.20708472547463	3.7997078433011375	10.6532298736869	10.476223035142675	5.774924596758672	3.5772525806171487	6.4108178375791445	5.903224506252543	3.0528676372950825	4.082367744782477	4.960467750159566	2.972411259702876	5.88767157781816	11.088238994276681	1.9576354960988087	2.2247224752919914	3.90523169431908	5.3301224959935105	6.480912923954314	5.0721879587076515	6.917762147098619	4.515342519126942	4.197365479135798	6.882159804391039	7.119852662957911	6.728366385498625	3.786912494425011	3.3460924255397035	4.915531673160526	3.214891522464848	2.645113552875881	2.9802970434292586	8.22496352472493	3.8446788553934117	6.267459361213049	6.778096415515412	9.46204234263703	6.417169535567581	3.9818568005814057	1.368916258740931	7.199761190704254	8.768375412929377	4.02517113697858	4.168664428508401	7.080569515368578	1.6560543804703236	2.802181284480023	4.86537009220207	4.909461298470738	0.0	5.191965211427572	5.956078331606244	5.598013668151944	4.393311942911294	4.25230790564366	6.394371716496388	2.592827168347386	4.776651210935907	4.269028941263422	4.802059731942303	6.090242572004761	5.249220437969426	5.255877583111323	3.6811770268461195	5.914936686324878	3.016722067882574	3.154527099021206	3.642600668942795	2.1415270189651956	3.2058835354410653	2.8505533483275465	2.5958948535803987	4.892663324697509	3.5867934262573926	4.7444215714551445	5.81539288443869	3.727034912449313	3.780062721729885	2.9752321069012924	7.25860784825188	7.389042254028687	5.449283221143657	3.5942430685665263	2.1937543604213263	4.963424814951225	5.276450998386994	5.163181825674425	5.75384785311877	5.226929287183886	4.153921780145897	8.607297146577018	3.699188455646566	5.190304324221337	0.0	4.814459384526641	5.371672045243428	5.01521361915438	8.024662130804192	3.6731038104524205	6.069969071551861	6.727442302240827	3.504061053220716	4.522696495595465	4.839358905684052	4.012167518042853	5.414013254303213	5.602808680423201	3.370431814027985	6.058789513779766	4.178245206357657	3.059546104027485	5.983816994354933	2.378944535845571	6.271664277795612	2.8921685854449586	8.483198657005861	3.8529654905176436	3.8423133253924595	4.757797372652724	5.959882790592939	1.9202126178031615	3.9914513693652967	6.540380264009096	5.1858409576102895	3.7553868309330953	4.995321115068027	10.879857425791894	5.304700133405609	3.045391868118347	3.9813153382271085	6.782123619320799	3.0131397522345083	7.691660217817628	7.715214159709808	6.181779343852718	1.5221250900864667	3.7503395746060684	0.6254310516043535	2.9995975990554595	1.9631273791581851	3.866077034119784	4.361667470528862	3.5193222501565398	5.098968808766432	2.763618084953116	4.53476215112457	3.518390638342538	3.9611194121288666	4.112528616347798	4.356214953708209	8.430802904352062	9.1260807804353	5.228407405644291	6.7897892428078075	3.1648664321585955	6.2592071800518445	5.821835829673905	5.359622787137427	8.148672577522197	3.7142826787247003	6.608286936925075	2.3091910984801745	3.155570964397684	4.043500416024643	4.917978769209212	4.414994404628952	2.369118609087263	6.061118338840536	7.384256848990935	8.766301698114402	6.847656701324445	8.483003715382099	4.138391014189351	4.559817376377338	4.610604564174494	5.722140304782958	6.352277222125413	5.283730765616539	7.6050469130754745	4.994792862755313	3.548601359560086	5.198028462859162	2.935742670828602	7.782528669540796	5.202481165539559	3.0772348908617624	1.4051438467271558	3.184405596113196	6.9290030035751355	5.707966665142656	3.934267273992383	5.3346077830051115	2.6565119011466702	2.98982904857006	4.30658800729444	6.106491072011643	4.387452500834441	10.22726885210594	4.859387069824688	9.776037701564047	3.858529385238639	10.63262897531002	7.839059828173652	5.30757204764404	4.730309247473241	2.7649516630091147	3.223364798272053	3.907577449763936	5.136632067694632	2.724445043642725	5.937939696112465	2.991452349828893	3.8229140174051888	2.2634838922640648	2.9605879805575688	2.307812083473509	8.919541725504374	5.776777689732351	3.9637241166416812	3.3094483537825683	4.876615854644017	5.891597906715001	2.623551593435328	4.836868998365993	1.2802122225693118	5.224695103893128	6.820427260826647	0.0	5.3679318651901164	3.4787012498641126	3.552165132054789	5.65627248512482	0.9671896369298413	5.804700586517752	5.892883612053942	5.852120165230226	6.005906511729172	1.9851073682530902	3.3746563469935444	0.5808003292654481	3.8857044982448246	7.562179022893694	6.796448883675262	5.884861901058723	3.029047876195658	2.707431369173798	4.23466534819321	6.674047120559609	5.176643733311162	5.826538791732846	5.2501333404451955	2.5113134056699287	3.14131420714409	3.1348004535811156	6.36947169687683	4.420082253649876	7.448124252111264	6.854774021230479	4.265302334931638	2.0985620389153405	7.864291058625633	1.9472726378933578	8.194602394811104	5.655478115187131	4.564963231327691	2.6035548364543426	7.8847941645270465	11.20978532924346	4.082475247423927	6.42394380141743	4.850767893329219	4.1727547093390935	6.915498259620387	7.430341853444665	8.195857881935451	5.074513349389755	3.934148520990842	5.82871429665941	1.978509604561074	4.395325128403287	3.8701969336769273	7.870710423415344	7.965999059771692	7.30872387078049	4.250794149501522	6.763376774097113	5.080865905800249	5.274825921282716	4.699671309335473	4.059958441219293	6.822346953147514	3.918202044573107	3.0969785941114325	2.7129653354657677	4.8798667326290435	4.059056045856397	6.832798410012033	4.849252460152701	3.893686100567361	6.665426321083824	6.817210619343002	5.850221990720438	5.915924244870207	6.472262280983233	5.886838630180752	4.904146282309868	4.747406384737869	9.373829224871294	7.829908044966567	1.9469925282325002	2.1638988441604337	5.2988704847616726	1.6967934459900946	2.3126481539123387	3.1535539767297576	10.48471468637212	4.554056126582435	4.857430667320838	3.7641991104606323	4.673178400246018	6.751558152242363	2.124795646259239	4.632332921134315	7.14071785328163	2.175725560893569	4.977906695508433	6.899406032054096	5.837049820592064	7.830913468864711	4.515441745782184	3.937395965768454	3.8998112160991982	2.7878303890084455	4.946972616192275	3.4283131422991775	7.563460931692003	2.3842510044037137	6.366873776799735	1.946390638910677	6.575056308265934	3.855054289706627	3.480021802832063	3.0250240819668828	4.361395160726388	5.45307926797735	7.6288454916981125	2.7001884301669743	2.9722334461565643	4.86727394878242	9.336647875870858	3.0303455327605495	8.774380640118766	7.427926378674126	1.0012321641138549	6.425315328910316	8.780859345358683	5.685996844580653	3.9732809001107134	6.1562402185415515	3.8391112058981935	4.895254588248674	8.373440264992297	6.103092855939003	3.2027763333695756	5.355641463109903	4.308991109806544	4.612846174213737	5.37790599023364	6.855848845797868	6.2261681072878705	4.022420999594411	4.069381153478517	6.83423071166909	2.0318464850513474	4.8993158325649215	6.526246205912247	5.526829198428501	2.532029490213146	1.595901854653224	2.323617686410753	6.905627755183563	6.496542668537578	4.7308353599518025	6.78637431898756	2.512706654016339	4.603623566887732	4.979305423114799	9.183619048877189	7.927928322567198	6.42249095398068	5.024249129245681	2.7299682693982565	6.042829092797115	8.555232966531948	8.563070312265818	5.800270891400366	6.929599266990718	8.620212586203168	9.920710557609242	3.812897332403383	6.647186810352563	3.8930308000411404	1.3398915296491694	2.9783140989872257	5.611652311722861	3.21437042440774	9.425729186734948	4.669399435887325	5.267779082551617	5.050012808580601	4.8432281526089636	5.902835108382057	5.433114648169048	5.833808160737966	3.8721297035807667	4.239881266450167	3.770978002672772	3.777694126076768	5.7075644438461275	6.638094391000639	3.349829089387546	5.991822473125773	2.793951634300296	3.9561618058495878	9.06425221396439	4.72848633583551	5.552951491769994	3.8141495390649207	8.723646065876702	4.43195365046527	5.688021305598836	5.948668252866699	3.8114131945522574	5.146320519436453	3.7825251341373534	6.491298619882825	3.327219881733493	6.134879514027389	1.702841119412699	3.978455601186398	7.820773139589667	5.702095480709107	2.5892630103817336	6.04069654923698	5.344224810183097	4.863082824173334	1.1431239794789312	5.274815166082082	2.9544170284171876	12.874178502823737	5.281503490433558	3.5056786736304413	4.741009629782684	4.757531853817431	6.88086425503709	3.913511102434887	7.796874988032836	5.926737341120863	4.984405740787691	3.156257034113235	7.5698699602882575	7.760573707890286	1.9802816934850305	4.932169762457498	6.752827181311778	8.498801152082578	5.260517991264291	3.929646486080033	6.026816158823135	7.67574152880356	5.635877642978504	5.242321092908379	5.4669445747828025	2.111650226273887	4.166748958943418	3.0055278565454846	6.588710843895943	4.842221538101767	1.9537151269407262	2.9101685600733584	5.481989653261948	6.009237837555133	2.5517385499801706	2.8515947448988324	6.796794036929765	6.748398415994764	5.6270735837254575	3.065134678588781	8.027570590566633	5.840909540489164	7.1216170930740805	7.2095800747665635	5.2351514815387965	3.1463759716882267	3.831896834760441	8.415573941637692	4.299148864280603	6.285772414671733	10.457545760092279	3.6870743694851074	6.8817412773442275	7.4695562470847925	4.8168635985335335	4.44400921789494	4.021494403796096	6.905679957286975	3.9466882041342206	8.976156526650305	7.835772773754119	1.986156625293765	4.326434852182229	7.51296914839429	4.928679267165154	7.706960187240443	7.110902639144834	9.458909680175228	3.7748831542974552	6.488514883223583	2.7757861409987092	7.107494619655016	0.6710246773448791	6.480098287411716	2.0731841937558086	7.0104323255390755	3.916386506308268	7.0484581079097	5.254444187813069	4.788959726309554	9.934025777871188	3.0925776426251255	6.673983385836609	4.358078128694628	6.305234943410483	3.3411518372313065	2.9081383799735954	7.841705438664036	5.01905179007316	1.9925490788120144	7.7735118597090045	9.624219411949966	5.931412134899697	9.21994428256232	5.845833799357901	4.813138120049535	3.98004373133974	5.003368956403837	7.83984587595559	9.235393078552232	3.7556942144005605	10.723353161964956	4.757184866119915	8.954060029524886	6.553035144684722	5.435583514449915	7.481732297353671	2.3942839270347407	3.449257924033234	2.480105584870301	4.447611194773818	6.020939262576342	2.42652135931199	8.464501735702967	5.283990982443626	6.684866979441306	2.6062680447798554	6.618743392395297	2.9772843720272957	3.8883009512070483	5.019764359255172	5.445534785391173	3.0800418959524296	4.26823387909069	4.343347864618521	2.585279570067532	2.527513512762697	3.2960764603407835	4.964776942685499	4.546653385173908	5.759798277389034	5.439368470722375	10.294767842752515	3.9206372132763647	5.298198927385468	5.516879776848828	5.724214611087949	5.00335123668311	5.405436166367036	3.4876185916677565	4.823719881048005	5.931352583808133	5.707425883929429	8.344826352101848	7.496325377826438	5.981348799797512	7.06073316663161	4.858796487882155	3.5538208076263405	5.008235168840835	4.093779565857702	2.5277140626310812	8.622592593505331	5.269772827417187	7.870634551567716	3.654114428956258	6.608137956726727	4.86008881740481	8.649498103475514	6.7109238113014795	2.9681704387519643	5.757857795860642	4.004323924961516	8.85618550916581	6.247776421928409	6.265197486096132	7.5881342116362385	8.691665071261314	6.097421393499033	5.504146762245602	4.5645072863948135	5.293297362583372	4.049946810640323	4.889626815006063	6.820512677538942	7.3375631192878705	5.28790917133475	4.334969032191345	4.556609955105557	6.228203449254854	7.668606022138452	3.901528467833025	6.4097751380304215	4.24006645293833	5.623249928542037	3.299443295958888	2.9127120348240747	0.0	5.4301591283936	4.182247115128161	6.163062591972733	1.0706680154280648	5.755278581974321	3.029063418419471	5.63977002848544	3.3865920585996907	0.0	5.549803389659417	6.740110880461027	2.9706362014467906	3.8895444049754038	5.500870806041712	6.97826140685339	7.3715368567395565	7.853974509008311	2.966040418656657	4.549032032691661	5.820134772616715	4.946558518716733	4.216450512504821	9.301827973686136	7.312340423562717	7.9874584644238	2.961294097511491	7.624977551370285	3.505423509927754	8.473861396543311	4.0363574484219535	3.7373448634166806	7.4520211637391265	2.9995610172779714	4.068286104061971	2.2731740303548937	2.2406083554295337	2.7146236322623274	5.126152781733278	5.316354912608982	3.6449988969348177	4.299473562388227	7.1931106326248235	6.840666563669395	8.605406115955287	3.7043554048461034	8.088538969452303	5.665423031439782	7.039285467084385	7.086809590843181	4.980632139116034	3.4005334028608067	4.524081978022389	6.732488041390434	2.236558075344926	5.70134014294985	4.152421887477506	5.956111993143551	5.455382247231541	3.784551751242842	3.877948743054071	5.919117590745492	5.849982124874291	3.380312210752187	4.00373941925197	3.3122622925023473	4.897547635849374	12.654160471791588	4.49369494353567	5.908837692482671	8.768373764210963	0.985481783963891	2.79778319388698	10.4530640169205	4.988688801706696	6.419901124642903	4.195603787879451	4.078935512731645	10.460164890176207	4.117245133473673	5.0562918666463395	5.651447925749516	3.8278730241116077	4.782442388929966	5.314580177989064	6.25044367786126	4.0744972779683115	2.221459100434862	5.633618066776187	3.7351589688877507	7.888970346798537	5.131639478135014	3.895661691793816	5.947272992612056	2.9780370231772686	4.910748719595652	7.360935439215577	6.223558450600055	6.55259021894232	4.051513696339139	4.288226733961665	6.7518764489315855	4.60247851480277	3.5832916568229654	9.09876192729335	4.781975492399091	8.748931341349143	7.581793505987161	9.765536598877901	7.430697897157658	5.9906153978380825	5.279526471020298	4.811077245432514	5.859521843091853	5.899073716911324	5.039077718204347	3.2967463526663185	7.516437011347209	7.5234872675515225	3.9979676556376442	6.842627936899704	6.400218855240808	5.898993487340682	1.536040937808097	5.747099469350338	2.704222438762988	5.313870011920406	4.878128740077223	2.986488471963657	6.220072864420866	4.7079100096332045	0.9838208867352467	6.434389871149384	2.509892999393538	11.48218176011118	7.110529472197121	2.626026605780849	3.854379688846046	2.973740352561961	4.691631694556124	3.432444552602553	4.593854203837444	5.570964877986954	2.903695979264237	8.527204357793304	2.9919606519156443	4.2017620004787775	3.701031680417365	3.326813719400284	6.819815886635468	4.862196454415531	3.892908161584338	3.787857011675142	2.428958285866207	3.2973859940337134	12.638385753703773	3.816857490493049	7.661241916175428	6.976645832047112	6.431778470749377	7.007666840137406	3.692562323589147	2.8652180744058224	5.615568116058654	7.654389073531967	4.184567208186934	4.078085872967547	4.545391835362666	5.516537163934677	4.103059433734181	5.1000352637799775	5.914907766220838	5.793681394518616	7.9111321956958855	3.565337634920827	4.502121059276525	7.399507603466346	1.5653020462896796	6.539348550460611	5.579989698654488	4.22494032083737	5.192386807571161	4.385031033876378	3.024695825748214	2.685712914156827	5.3699526133730995	6.633835920848313	4.842190451025464	3.882775004378085	4.937802122685757	4.126478318345691	3.681693759894741	2.8246068472554673	2.8127999643136854	7.802647841859498	7.711486064437967	4.662858251169983	4.341361262300188	4.862427638706459	2.5762985412580828	4.681754901639158	1.9493132528020227	3.972933942869465	3.4197486893255205	2.757602131248209	13.081440185506047	4.762526426801908	3.061754723280325	2.9474832055761833	2.978258581377394	6.0005851356683175	1.0090149587401893	1.967882563360128	5.731079169347757	6.229267713157424	6.068595679226907	3.784264815963072	6.265005647211195	2.6784247699872448	4.993018090230149	7.800962791649753	5.856329698101568	1.6695877711063103	6.810761207451136	4.684584179144994	5.766158691331007	3.558112497491586	7.783326932968125	6.4095376948568905	8.806126984448687	6.2911306712354405	2.936245711593819	3.5811547549403957	4.931606373453898	10.013108156637136	6.407307843920823	5.871520634541362	3.760496530225111	4.045329391427599	1.5245410276540905	2.341946155826762	0.989776848283168	3.279662834766386	3.7245842363834143	4.881415543972564	3.951713449261172	3.2747938147370816	4.965009711345956	3.5421955058970838	2.6951446206025964	7.502808199819166	5.612343092223199	7.772776896686855	7.185751593268708	5.113033543144529	8.118523662554255	5.557467401428956	4.350367135524819	2.8344215608539556	9.175693765021185	6.224568164869164	6.556380864090398	3.907223875756538	2.628449742873028	4.94363439212331	4.550255447653336	5.742027613571456	4.623821892988666	2.896779646806429	8.27178321633326	2.5602639646217344	4.661142495113522	6.69128244853204	4.096418106800504	7.542095667223326	1.9686700681495237	5.36997061547841	4.389857354269665	3.590954567383398	4.412070352548243	4.901663681270631	2.828539080913798	3.7561140431660487	5.243662592752444	4.1327502609103295	7.405913453128803	8.03770240406837	2.115745749849553	4.382919329204071	7.310323567256158	4.693123244300262	6.6014717158413205	5.482322396727966	1.9400983683575264	5.362868718802538	6.722650572884723	3.3286022092276384	5.0841287151330325	3.264954222544598	3.8550693614370357	5.378266831891706	1.7234834793204423	3.869945867393034	3.98187982429254	3.6574818833568665	7.276791982124501	7.746475730302052	4.4472635301954515	4.8477759050544025	5.050520992000111	1.5651520795114844	4.47147469816114	5.21088130909825	2.184881139217029	4.861520271581324	1.8015011599106208	7.055626640052382	5.833565267293205	7.252971438464383	5.005072505184119	4.162096365438098	3.6865434251295888	7.092946685862969	2.2445650692953056	5.976749162126502	3.2914315794644446	3.5300331062600705	5.595681443885923	4.667661564470599	4.484053724941515	8.608317977959722	4.633885914124983	8.386048294113918	7.605686024974171	3.0326276205764318	2.7590088337156877	5.152366305915456	5.50783319500157	8.94655155014301	6.4341731922073135	3.953295404047744	4.985449399942814	1.9821549487156156	9.816273390267524	3.7647509708865305	5.227380871745522	6.785165855726426	2.96588205050135	3.4721004300151557	6.243863123680444	6.211924958066562	6.778588507359115	5.8730260781075385	7.598821529493371	5.102808241305875	8.200025860000315	5.623039167246737	6.101892582464113	2.8720837835284523	4.59480062904447	5.600314976155562	5.540683624047676	4.453115870481333	6.189028032743462	8.790097611752575	1.9630264636863177	4.958262043369849	2.9269185842823773	6.696810358879945	5.0429670604718675	1.979620495670111	2.96136111116583	5.307550243375596	7.039434564940264	3.841017669079229	6.431781729409657	7.900988408937913	5.048488683801855	6.762489574963336	2.2060593748992634	6.74358996265839	14.75381569583699	11.721523670726258	8.16841777451485	8.059169808478973	4.511264904295982	13.278951717269877	7.868080694030239	5.026847367063704	4.98457323677737	5.814891215176998	5.8695840784480176	6.674863979740936	3.1638450526421575	7.77296260815134	5.465917743159761	3.7945183141728576	3.6747467946119943	4.923296985226326	3.6714424784395834	5.874370721201511	9.94380486724049	4.738311978204636	1.5914468831740316	1.926207603876377	4.71598996140711	4.80064519362127	6.558501155650323	6.456483505345573	5.828164990899661	3.7662963230559785	5.332573967608816	6.413525741624283	6.805047738780764	4.720855487335995	4.716226523049641	2.7020390953096487	1.5385362981904367	4.537266228714616	2.9422577616203935	5.855235686432369	5.024722019078267	3.7305866832931485	9.450706294987732	5.512206796488514	5.659693798134915	4.306401903227884	3.346206897476621	3.559910935219738	2.5177110861968073	5.7184447606436	2.602518712910378	2.9281310238334948	3.973420139497237	3.267293562045869	8.426777510845413	5.300985755850143	5.394770827953261	5.5948986894064525	1.993507227748808	1.9472413374367523	3.8203834489002424	3.7451951833002917	5.294001673746096	4.6719574398324175	5.7697481085399085	3.153479038483516	4.980345176241946	5.174968550992886	3.1211381741764215	5.241639692255108	5.195206475805621	8.11916450803296	9.686088080628997	5.65003785555872	4.8192069897643295	6.614493862379923	0.9837942040393853	4.971453036330939	5.42248783834165	2.948425254729262	6.524653975567249	7.069759004793505	7.139088057933445	4.06707523306475	3.4783148754551556	4.1738960437888775	4.881735253653885	6.338825662512654	2.36326847575661	5.698056910409619	6.060551421106759	8.142962903815723	5.131826281928197	6.35117742193414	5.00126930531317	2.6688829410208856	5.2947934435925355	4.358296757041564	4.932216229058398	9.045717888591204	7.389753637826157	4.8662216581231394	2.7134930909189388	4.813731379728273	5.314917187174875	3.4633812649715527	10.424156217598611	11.660124497425906	2.737128781361816	3.066437761878785	10.10939584355434	5.436522108024646	6.372393123274466	3.4458160898391075	4.094405190570298	3.9207419793632226	5.603750715856583	5.0107484211183815	5.512390948441568	2.001621724024295	4.851642532513896	4.710702939586873	3.0718912841415773	6.767838515752649	6.826424709369178	8.13028902586609	1.1440965741425515	4.380908685182188	3.0896022415254216	2.092506526857897	3.6642808371851356	5.93059841062463	5.117560834020699	5.004684621269784	7.089256004934406	7.524787346550894	4.904216465477194	2.177511839795978	4.5599730845408155	1.5116593957297202	6.894387647470808	5.876523053303661	3.649758271244369	4.70488857125842	2.6459579516812677	5.648133001151994	4.913752455254429	4.913209377838434	9.044792702373346	4.551640577968762	2.8318304113219424	7.157875052487735	2.547011442755483	4.031768690467969	3.654306199022833	3.919668731762214	5.287403313603159	5.034822339171899	9.136012913578014	4.8438868355692115	4.223583975647916	7.954075147714941	7.45818797688431	3.2494585875716453	3.5756293836830566	9.479173936245976	4.31035730548961	5.284899061630934	6.224515969183243	2.134308107603251	4.775547808728194	4.090708229538705	2.566592310500054	6.309525272612479	3.135715890827434	3.3423194664259426	7.05350457169893	7.243295361436714	2.42713824780337	3.898055951035012	5.0523687412428355	3.513316727805196	6.121381405200002	4.405864135352393	5.1517624953528935	5.386765662572417	4.163722513330121	3.707523913069199	4.878164945743489	10.541356537157982	1.6540639561115809	5.8826908697306655	7.063588486564735	4.493944485427511	5.902394562634693	2.081322174713213	5.334721524664705	5.8560903946492795	8.381828695982854	4.896547774734989	6.919923267253025	3.8280385808669775	5.508492679859284	1.8083537414594746	3.0764260379355215	7.78797129295911	6.387327719767401	1.9285227223296653	5.221846993256101	4.862360958971868	5.042414467305311	2.176923150786743	7.6712683100040255	5.600298561462935	3.888258680269975	5.912213122909893	3.9931588142450622	5.306485267069971	4.820814867448834	4.8605717449978805	4.1435708953999155	3.9075396833571845	7.577976227811863	3.032059766491346	3.7654074667938313	3.7482466261866536	4.627171649751019	8.348384749402427	3.0830691569259447	4.975923820724183	6.282101511272951	3.85582218817989	3.364914073436615	0.9798750251414721	7.374513029577207	2.9140100646132248	4.993043207630211	6.067751586171492	2.8035300325964068	5.559440651685163	5.392689928608211	3.902640952818525	8.969630273959039	5.256385487608916	3.8951092385540043	8.003074026257556	5.526620364792003	4.9488697212073	3.9089356091337994	4.996292195673122	3.981916983888682	2.4280985605965655	4.491878379438312	11.187796137339445	2.5972598507793667	6.948242101978999	4.891852109370719	7.7116578561675455	5.450684896172	5.8661059905254795	4.125694681945091	4.853838902753788	5.848097389192803	4.937992694348584	6.055902085019822	4.363298494472337	6.787227307682258	6.442614964710121	5.026041548597041	4.878485036998372	3.020329245047636	3.9138188069288167	5.80621962483954	4.6258506347392725	4.792171130242678	3.440208861283138	7.762097195100419	7.586473476324254	3.229073336607322	9.328674327430132	9.25161382685118	6.706985987850684	8.915212553744642	3.2621317305694646	5.846423892407196	6.337245056483337	2.9291642528839037	3.249625292159325	8.363651997751145	2.3266609062825028	6.15776789867607	1.9922389216570013	4.826932715714528	5.243585040576636	5.830166561778777	2.198992821664315	3.560832260574649	5.824560661432299	9.31517207244631	4.738516731061395	3.3136767096846294	6.28078299293577	3.0944853876426577	4.056459791135678	1.9058251280134682	6.499038465172219	5.8301867391777815	7.287896166917612	3.067449898728342	7.348154693658182	4.615012060543791	5.306290887207685	3.5285260823308917	3.373668410911639	5.223228921304203	9.763779930220728	8.157964364104078	2.961392179423653	4.292669948518294	4.291508430217177	3.9395337722337804	3.866651838369939	5.47928383243923	4.598960978662894	5.557335117724657	2.9818919741835943	3.476702628938026	4.942882366696739	5.135373198827874	5.868559585372131	1.647175486693255	3.102562996737408	2.8598425897203676	10.092177737460057	3.2404536797681693	4.160410768338418	4.385936555555848	3.887464854221056	3.637452253960524	6.143661195292177	5.740728828764339	3.558168139606491	7.878307960178736	1.6445202323858767	5.749958829073822	9.329847305825396	2.9599832239196067	11.022487825433219	8.739382605583932	3.191052516629176	6.067131835545495	3.927556512172037	3.4309156311124838	5.8968478079377125	1.9775717155591748	5.3622666573006175	7.102683174729583	5.762903160191532	7.6432611284484	3.757337191817737	3.611551775258934	7.085186945555988	6.7780920640392415	5.835228893420404	5.584873812550075	3.235029654622254	5.228449737638366	4.139473940874194	3.942943258705223	2.5633894080861443	3.2382933074341507	6.0604872079528755	5.766058410523055	4.671943872362892	5.556467207178636	5.866391308589606	9.79123368753527	3.984629741516493	6.525226614545433	3.965924184216053	5.294316315696833	3.632897374706006	6.089742655964359	4.988126379180486	4.43801184039159	5.863362266843779	3.1247045243978957	3.7428384454756958	6.81881511087653	3.6460839123208295	3.276571374762125	6.364405224163479	8.185540982274091	1.6961257717280445	5.8677449875121575	2.875318429390852	7.997758037894499	5.997872163827828	2.914363767759166	6.443181400306128	5.8525877676228	1.4689435293250268	4.082721423786715	5.422155165489153	7.999911565339381	3.4870785651745884	6.791361207935972	9.045138264995332	5.88375577113454	5.080696888274949	5.288496675117009	5.705136245087266	5.8562522917742905	4.948587094818501	2.928417742399733	3.4681495294752915	3.9196632655179036	2.7710347455726954	5.865438631269402	7.299742185019488	4.937368436652877	4.172877246225501	5.120227735140704	3.7131440032090737	11.318792607601027	5.86157203879928	7.964485969282496	3.588341924565639	6.41436128742219	8.611086095261319	4.625620725769093	5.958200961943089	5.14964516124611	5.176824016399115	6.804891035037333	5.018419985695747	4.577882326185818	8.96116219425406	4.948502636707589	3.955663370348112	3.7101621907970284	6.811438403964679	4.23078179398856	4.119142728219787	5.752770354351547	10.584791660396709	3.3694670463493144	5.4440545757987255	3.931729460141287	6.4403146701722624	6.779093431486246	3.2865002450188125	4.969042552520757	3.9068248777708225	6.4125591247463545	4.016960879916306	4.242592170242653	5.8323303395706105	0.9968987664498179	8.355683009718318	6.2131331579469995	6.246999526908524	4.164024221495363	4.4069991965629	2.5937554727734007	8.670604236128623	6.666585644453324	5.328764339563568	4.92159858220346	5.156116831234418	2.859130381781574	2.9034116166083193	5.1945716549762215	3.7075224798177744	3.953296904161697	2.927089986267347	3.2737847168615395	3.9157614892522634	6.237627966579682	7.380362410278659	6.453012460863209	5.553411023327348	2.8050988075140633	3.426610451107471	6.96279819926543	6.870386597315588	4.552899378374244	3.3621105107464913	5.917071041662038	0.9931724385922784	6.790358631561401	9.485108372820699	2.2461807542417596	5.739526314740153	4.987399294074902	4.140476366155358	7.39029516659438	5.161141966487851	5.325831975419409	4.001870146252972	4.923818441218533	8.076482078718689	5.01207228406306	4.865329687854364	3.587620496076501	4.756231681091109	4.808356299572219	6.863754677501815	2.6386306878626695	4.844283337662027	3.938108706234163	3.746666313742001	4.55706372956171	1.5851737059304345	3.2564228610686166	1.9678772739310995	4.542243270012221	5.297283295705733	3.3124743503866454	4.948516827397069	5.160916934634961	5.905842755940383	4.031395314755772	8.844709417996382	2.9250120209490476	6.03782432440424	3.8511520086263173	7.085906450218745	4.525887158059501	7.7872256825597095	3.365266713528506	3.1671185956023478	5.813831355940126	2.9343740772014573	3.6898729607834775	3.894120585484352	4.303096574702757	3.0498866952270998	2.8370570367174563	6.752469858851972	6.163504908737452	2.974115304970052	4.042196764520535	2.9401460360991387	4.440927198263264	4.980976982993046	2.9452517772073157	10.012408781084329	3.9357800926613127	5.019796949874649	2.835148305374776	5.594247019376883	5.997608779002595	4.75089163773604	4.231012511188583	3.8819420416518424	6.477388063118751	5.689460402815126	3.2047916288026186	9.809106343440627	2.9298645555751355	7.784570006550655	6.756076603955345	7.681195164443599	8.505574861794242	5.291805869074339	7.501243391614816	0.9924151896240957	1.0910843177126321	7.643313387532819	3.877057334950103	3.6662466632582595	4.897319353699446	4.953991125282161	5.212716256102931	4.022643736549281	4.902139880514793	5.2702517964898945	3.9042933398717974	4.416301646913787	7.8370474393249525	1.963059184506228	2.3716291323802703	4.369316460206904	6.37696257437659	4.958914378894349	3.809857982001238	2.7367599830632696	4.513581155051693	5.887980840211403	7.268475570883101	4.857043683831022	5.624840231824886	3.8235422113757065	2.028235912980504	0.9772451130773394	3.8601044001498432	3.297916819924407	2.7718445034304042	6.70315504428242	3.6438517309655385	2.752599506585683	8.815250986265283	2.8162359763196867	5.0378745864975265	6.109282962725086	8.317893761707033	3.5652710416107674	4.1612361176480706	8.24653373251839	6.334614599383893	4.951173775945882	5.888370954810292	6.5717536463282125	4.756126745157246	3.6622549236265094	4.238250061236878	6.204877796925336	8.342196365701549	5.348945350420764	8.989235561540621	4.434918545052287	5.628624896913423	6.804014428039238	6.431726374297132	2.816677850364713	5.7699465023347765	2.8889472274018475	3.5494601100592167	4.570713263553544	9.124496048231771	6.271613085689742	2.940445843539108	3.9489672209267503	7.194698416802409	0.9853774890376339	6.304256044074699	3.5610771878675496	6.914407122228053	4.781422737639949	6.760321148099438	3.212675327596932	4.149936269699303	6.524474042651823	6.027457538140939	2.015004345534324	3.9869609685008034	5.3873138107743594	4.819683606538818	3.850599631514413	5.028264048069145	6.335580361029698	4.997958306997907	7.420886832950521	6.305997309532509	2.9482473422023947	7.029992756666782
G11	0.0	0.0	0.0	0.0	0.0	0.0	0.0	0.0	0.0	0.0	0.0	0.0	0.0	0.0	0.0	0.0	0.0	0.0	0.0	0.0	0.0	0.0	0.0	0.0	0.0	0.0	0.0	0.0	0.0	0.0	0.0	0.0	0.0	0.0	0.0	0.0	0.0	0.0	0.0	0.0	0.0	0.0	0.0	0.0	0.0	0.0	0.0	0.0	0.0	0.0	0.0	0.0	0.0	0.0	0.0	0.0	0.0	0.0	0.0	0.0	0.0	0.0	0.0	0.0	0.0	0.0	0.0	0.0	0.0	0.0	0.0	0.0	0.0	0.0	0.0	0.0	0.0	0.0	0.0	0.0	0.0	0.0	0.0	0.0	0.0	0.0	0.0	0.0	0.0	0.0	0.0	0.0	0.0	0.0	0.0	0.0	0.0	0.0	0.0	0.0	0.0	0.0	0.0	0.0	0.0	0.0	0.0	0.0	0.0	0.0	0.0	0.0	0.0	0.0	0.0	0.0	0.0	0.0	0.0	0.0	0.0	0.0	0.0	0.0	0.0	0.0	0.0	0.0	0.0	0.0	0.0	0.0	0.0	0.0	0.0	0.0	0.0	0.0	0.0	0.0	0.0	0.0	0.0	0.0	0.0	0.0	0.0	0.0	0.0	0.0	0.0	0.0	0.0	0.0	0.0	0.0	0.0	0.0	0.0	0.0	0.0	0.0	0.0	0.0	0.0	0.0	0.0	0.0	0.0	0.0	0.0	0.0	0.0	0.0	0.0	0.0	0.0	0.0	0.0	0.0	0.0	0.0	0.0	0.0	0.0	0.0	0.0	0.0	0.0	0.0	0.0	0.0	0.0	0.0	0.0	0.0	0.0	0.0	0.0	0.0	0.0	0.0	0.0	0.0	0.0	0.0	0.0	0.0	0.0	0.0	0.0	0.0	0.0	0.0	0.0	0.0	0.0	0.0	0.0	0.0	0.0	0.0	0.0	0.0	0.0	0.0	0.0	0.0	0.0	0.0	0.0	0.0	0.0	0.0	0.0	0.0	0.0	0.0	0.0	0.0	0.0	0.0	0.0	0.0	0.0	0.0	0.0	0.0	0.0	0.0	0.0	0.0	0.0	0.0	0.0	0.0	0.0	0.0	0.0	0.0	0.0	0.0	0.0	0.0	0.0	0.0	0.0	0.0	0.0	0.0	0.0	0.0	0.0	0.0	0.0	0.0	0.0	0.0	0.0	0.0	0.0	0.0	0.0	0.0	0.0	0.0	0.0	0.0	0.0	0.0	0.0	0.0	0.0	0.0	0.0	0.0	0.0	0.0	0.0	0.0	0.0	0.0	0.0	0.0	0.0	0.0	0.0	0.0	0.0	0.0	0.0	0.0	0.0	0.0	0.0	0.0	0.0	0.0	0.0	0.0	0.0	0.0	0.0	0.0	0.0	0.0	0.0	0.0	0.0	0.0	0.0	0.0	0.0	0.0	0.0	0.0	0.0	0.0	0.0	0.0	0.0	0.0	0.0	0.0	0.0	0.0	0.0	0.0	0.0	0.0	0.0	0.0	0.0	0.0	0.0	0.0	0.0	0.0	0.0	0.0	0.0	0.0	0.0	0.0	0.0	0.0	0.0	0.0	0.0	0.0	0.0	0.0	0.0	0.0	0.0	0.0	0.0	0.0	0.0	0.0	0.0	0.0	0.0	0.0	0.0	0.0	0.0	0.0	0.0	0.0	0.0	0.0	0.0	0.0	0.0	0.0	0.0	0.0	0.0	0.0	0.0	0.0	0.0	0.0	0.0	0.0	0.0	0.0	0.0	0.0	0.0	0.0	0.0	0.0	0.0	0.0	0.0	0.0	0.0	0.0	0.0	0.0	0.0	0.0	0.0	0.0	0.0	0.0	0.0	0.0	0.0	0.0	0.0	0.0	0.0	0.0	0.0	0.0	0.0	0.0	0.0	0.0	0.0	0.0	0.0	0.0	0.0	0.0	0.0	0.0	0.0	0.0	0.0	0.0	0.0	0.0	0.0	0.0	0.0	0.0	0.0	0.0	0.0	0.0	0.0	0.0	0.0	0.0	0.0	0.0	0.0	0.0	0.0	0.0	0.0	0.0	0.0	0.0	0.0	0.0	0.0	0.0	0.0	0.0	0.0	0.0	0.0	0.0	0.0	0.0	0.0	0.0	0.0	0.0	0.0	0.0	0.0	0.0	0.0	0.0	0.0	0.0	0.0	0.0	0.0	0.0	0.0	0.0	0.0	0.0	0.0	0.0	0.0	0.0	0.0	0.0	0.0	0.0	0.0	0.0	0.0	0.0	0.0	0.0	0.0	0.0	0.0	0.0	0.0	0.0	0.0	0.0	0.0	0.0	0.0	0.0	0.0	0.0	0.0	0.0	0.0	0.0	0.0	0.0	0.0	0.0	0.0	0.0	0.0	0.0	0.0	0.0	0.0	0.0	0.0	0.0	0.0	0.0	0.0	0.0	0.0	0.0	0.0	0.0	0.0	0.0	0.0	0.0	0.0	0.0	0.0	0.0	0.0	0.0	0.0	0.0	0.0	0.0	0.0	0.0	0.0	0.0	0.0	0.0	0.0	0.0	0.0	0.0	0.0	0.0	0.0	0.0	0.0	0.0	0.0	0.0	0.0	0.0	0.0	0.0	0.0	0.0	0.0	0.0	0.0	0.0	0.0	0.0	0.0	0.0	0.0	0.0	0.0	0.0	0.0	0.0	0.0	0.0	0.0	0.0	0.0	0.0	0.0	0.0	0.0	0.0	0.0	0.0	0.0	0.0	0.0	0.0	0.0	0.0	0.0	0.0	0.0	0.0	0.0	0.0	0.0	0.0	0.0	0.0	0.0	0.0	0.0	0.0	0.0	0.0	0.0	0.0	0.0	0.0	0.0	0.0	0.0	0.0	0.0	0.0	0.0	0.0	0.0	0.0	0.0	0.0	0.0	0.0	0.0	0.0	0.0	0.0	0.0	0.0	0.0	0.0	0.0	0.0	0.0	0.0	0.0	0.0	0.0	0.0	0.0	0.0	0.0	0.0	0.0	0.0	0.0	0.0	0.0	0.0	0.0	0.0	0.0	0.0	0.0	0.0	0.0	0.0	0.0	0.0	0.0	0.0	0.0	0.0	0.0	0.0	0.0	0.0	0.0	0.0	0.0	0.0	0.0	0.0	0.0	0.0	0.0	0.0	0.0	0.0	0.0	0.0	0.0	0.0	0.0	0.0	0.0	0.0	0.0	0.0	0.0	0.0	0.0	0.0	0.0	0.0	0.0	0.0	0.0	0.0	0.0	0.0	0.0	0.0	0.0	0.0	0.0	0.0	0.0	0.0	0.0	0.0	0.0	0.0	0.0	0.0	0.0	0.0	0.0	0.0	0.0	0.0	0.0	0.0	0.0	0.0	0.0	0.0	0.0	0.0	0.0	0.0	0.0	0.0	0.0	0.0	0.0	0.0	0.0	0.0	0.0	0.0	0.0	0.0	0.0	0.0	0.0	0.0	0.0	0.0	0.0	0.0	0.0	0.0	0.0	0.0	0.0	0.0	0.0	0.0	0.0	0.0	0.0	0.0	0.0	0.0	0.0	0.0	0.0	0.0	0.0	0.0	0.0	0.0	0.0	0.0	0.0	0.0	0.0	0.0	0.0	0.0	0.0	0.0	0.0	0.0	0.0	0.0	0.0	0.0	0.0	0.0	0.0	0.0	0.0	0.0	0.0	0.0	0.0	0.0	0.0	0.0	0.0	0.0	0.0	0.0	0.0	0.0	0.0	0.0	0.0	0.0	0.0	0.0	0.0	0.0	0.0	0.0	0.0	0.0	0.0	0.0	0.0	0.0	0.0	0.0	0.0	0.0	0.0	0.0	0.0	0.0	0.0	0.0	0.0	0.0	0.0	0.0	0.0	0.0	0.0	0.0	0.0	0.0	0.0	0.0	0.0	0.0	0.0	0.0	0.0	0.0	0.0	0.0	0.0	0.0	0.0	0.0	0.0	0.0	0.0	0.0	0.0	0.0	0.0	0.0	0.0	0.0	0.0	0.0	0.0	0.0	0.0	0.0	0.0	0.0	0.0	0.0	0.0	0.0	0.0	0.0	0.0	0.0	0.0	0.0	0.0	0.0	0.0	0.0	0.0	0.0	0.0	0.0	0.0	0.0	0.0	0.0	0.0	0.0	0.0	0.0	0.0	0.0	0.0	0.0	0.0	0.0	0.0	0.0	0.0	0.0	0.0	0.0	0.0	0.0	0.0	0.0	0.0	0.0	0.0	0.0	0.0	0.0	0.0	0.0	0.0	0.0	0.0	0.0	0.0	0.0	0.0	0.0	0.0	0.0	0.0	0.0	0.0	0.0	0.0	0.0	0.0	0.0	0.0	0.0	0.0	0.0	0.0	0.0	0.0	0.0	0.0	0.0	0.0	0.0	0.0	0.0	0.0	0.0	0.0	0.0	0.0	0.0	0.0	0.0	0.0	0.0	0.0	0.0	0.0	0.0	0.0	0.0	0.0	0.0	0.0	0.0	0.0	0.0	0.0	0.0	0.0	0.0	0.0	0.0	0.0	0.0	0.0	0.0	0.0	0.0	0.0	0.0	0.0	0.0	0.0	0.0	0.0	0.0	0.0	0.0	0.0	0.0	0.0	0.0	0.0	0.0	0.0	0.0	0.0	0.0	0.0	0.0	0.0	0.0	0.0	0.0	0.0	0.0	0.0	0.0	0.0	0.0	0.0	0.0	0.0	0.0	0.0	0.0	0.0	0.0	0.0	0.0	0.0	0.0	0.0	0.0	0.0	0.0	0.0	0.0	0.0	0.0	0.0	0.0	0.0	0.0	0.0	0.0	0.0	0.0	0.0	0.0	0.0	0.0	0.0	0.0	0.0	0.0	0.0	0.0	0.0	0.0	0.0	0.0	0.0	0.0	0.0	0.0	0.0	0.0	0.0	0.0	0.0	0.0	0.0	0.0	0.0	0.0	0.0	0.0	0.0	0.0	0.0	0.0	0.0	0.0	0.0	0.0	0.0	0.0	0.0	0.0	0.0	0.0	0.0	0.0	0.0	0.0	0.0	0.0	0.0	0.0	0.0	0.0	0.0	0.0	0.0	0.0	0.0	0.0	0.0	0.0	0.0	0.0	0.0	0.0	0.0	0.0	0.0	0.0	0.0	0.0	0.0	0.0	0.0	0.0	0.0	0.0	0.0	0.0	0.0	0.0	0.0	0.0	0.0	0.0	0.0	0.0	0.0	0.0	0.0	0.0	0.0	0.0	0.0	0.0	0.0	0.0	0.0	0.0	0.0	0.0	0.0	0.0	0.0	0.0	0.0	0.0	0.0	0.0	0.0	0.0	0.0	0.0	0.0	0.0	0.0	0.0	0.0	0.0	0.0	0.0	0.0	0.0	0.0	0.0	0.0	0.0	0.0	0.0	0.0	0.0	0.0	0.0	0.0	0.0	0.0	0.0	0.0	0.0	0.0	0.0	0.0	0.0	0.0	0.0	0.0	0.0	0.0	0.0	0.0	0.0	0.0	0.0	0.0	0.0	0.0	0.0	0.0	0.0	0.0	0.0	0.0	0.0	0.0	0.0	0.0	0.0	0.0	0.0	0.0	0.0	0.0	0.0	0.0	0.0	0.0	0.0	0.0	0.0	0.0	0.0	0.0	0.0	0.0	0.0	0.0	0.0	0.0	0.0	0.0	0.0	0.0	0.0	0.0	0.0	0.0	0.0	0.0	0.0	0.0	0.0	0.0	0.0	0.0	0.0	0.0	0.0	0.0	0.0	0.0	0.0	0.0	0.0	0.0	0.0	0.0	0.0	0.0	0.0	0.0	0.0	0.0	0.0	0.0	0.0	0.0	0.0	0.0	0.0	0.0	0.0	0.0	0.0	0.0	0.0	0.0	0.0	0.0	0.0	0.0	0.0	0.0	0.0	0.0	0.0	0.0	0.0	0.0	0.0	0.0	0.0	0.0	0.0	0.0	0.0	0.0	0.0	0.0	0.0	0.0	0.0	0.0	0.0	0.0	0.0	0.0	0.0	0.0	0.0	0.0	0.0	0.0	0.0	0.0	0.0	0.0	0.0	0.0	0.0	0.0	0.0	0.0	0.0	0.0	0.0	0.0	0.0	0.0	0.0	0.0	0.0	0.0	0.0	0.0	0.0	0.0	0.0	0.0	0.0	0.0	0.0	0.0	0.0	0.0	0.0	0.0	0.0	0.0	0.0	0.0	0.0	0.0	0.0	0.0	0.0	0.0	0.0	0.0	0.0	0.0	0.0	0.0	0.0	0.0	0.0	0.0	0.0	0.0	0.0	0.0	0.0	0.0	0.0	0.0	0.0	0.0	0.0	0.0	0.0	0.0	0.0	0.0	0.0	0.0	0.0	0.0	0.0	0.0	0.0	0.0	0.0	0.0	0.0	0.0	0.0	0.0	0.0	0.0	0.0	0.0	0.0	0.0	0.0	0.0	0.0	0.0	0.0	0.0	0.0	0.0	0.0	0.0	0.0	0.0	0.0	0.0	0.0	0.0	0.0	0.0	0.0	0.0	0.0	0.0	0.0	0.0	0.0	0.0	0.0	0.0	0.0	0.0	0.0	0.0	0.0	0.0	0.0	0.0	0.0	0.0	0.0	0.0	0.0	0.0	0.0	0.0	0.0	0.0	0.0	0.0	0.0	0.0	0.0	0.0	0.0	0.0	0.0	0.0	0.0	0.0	0.0	0.0	0.0	0.0	0.0	0.0	0.0	0.0	0.0	0.0	0.0	0.0	0.0	0.0	0.0	0.0	0.0	0.0	0.0	0.0	0.0	0.0	0.0	0.0	0.0	0.0	0.0	0.0	0.0	0.0	0.0	0.0	0.0	0.0	0.0	0.0	0.0	0.0	0.0	0.0	0.0	0.0	0.0	0.0	0.0	0.0	0.0	0.0	0.0	0.0	0.0	0.0	0.0	0.0	0.0	0.0	0.0	0.0	0.0	0.0	0.0	0.0	0.0	0.0	0.0	0.0	0.0	0.0	0.0	0.0	0.0	0.0	0.0	0.0	0.0	0.0	0.0	0.0	0.0	0.0	0.0	0.0	0.0	0.0	0.0	0.0	0.0	0.0	0.0	0.0	0.0	0.0	0.0	0.0	0.0	0.0	0.0	0.0	0.0	0.0	0.0	0.0	0.0	0.0	0.0	0.0	0.0	0.0	0.0	0.0	0.0	0.0	0.0	0.0	0.0	0.0	0.0	0.0	0.0	0.0	0.0	0.0	0.0	0.0	0.0	0.0	0.0	0.0	0.0	0.0	0.0	0.0	0.0	0.0	0.0	0.0	0.0	0.0	0.0	0.0	0.0	0.0	0.0	0.0	0.0	0.0	0.0	0.0	0.0	0.0	0.0	0.0	0.0	0.0	0.0	0.0	0.0	0.0	0.0	0.0	0.0	0.0	0.0	0.0	0.0	0.0	0.0	0.0	0.0	0.0	0.0	0.0	0.0	0.0	0.0	0.0	0.0	0.0	0.0	0.0	0.0	0.0	0.0	0.0	0.0	0.0	0.0	0.0	0.0	0.0	0.0	0.0	0.0	0.0	0.0	0.0	0.0	0.0	0.0	0.0	0.0	0.0	0.0	0.0	0.0	0.0	0.0	0.0	0.0	0.0	0.0	0.0	0.0	0.0	0.0	0.0	0.0	0.0	0.0	0.0	0.0	0.0	0.0	0.0	0.0	0.0	0.0	0.0	0.0	0.0	0.0	0.0	0.0	0.0	0.0	0.0	0.0	0.0	0.0	0.0	0.0	0.0	0.0	0.0	0.0	0.0	0.0	0.0	0.0	0.0	0.0	0.0	0.0	0.0	0.0	0.0	0.0	0.0	0.0	0.0	0.0	0.0	0.0	0.0	0.0	0.0	0.0	0.0	0.0	0.0	0.0	0.0	0.0	0.0	0.0	0.0	0.0	0.0	0.0	0.0	0.0	0.0	0.0	0.0	0.0	0.0	0.0	0.0	0.0	0.0	0.0	0.0	0.0	0.0	0.0	0.0	0.0	0.0	0.0	0.0	0.0	0.0	0.0	0.0	0.0	0.0	0.0	0.0	0.0	0.0	0.0	0.0	0.0	0.0	0.0	0.0	0.0	0.0	0.0	0.0	0.0	0.0	0.0	0.0	0.0	0.0	0.0	0.0	0.0	0.0	0.0	0.0	0.0	0.0	0.0	0.0	0.0	0.0	0.0	0.0	0.0	0.0	0.0	0.0	0.0	0.0	0.0	0.0	0.0	0.0	0.0	0.0	0.0	0.0	0.0	0.0	0.0	0.0	0.0	0.0	0.0	0.0	0.0	0.0	0.0	0.0	0.0	0.0	0.0	0.0	0.0	0.0	0.0	0.0	0.0	0.0	0.0	0.0	0.0	0.0	0.0	0.0	0.0	0.0	0.0	0.0	0.0	0.0	0.0	0.0	0.0	0.0	0.0	0.0	0.0	0.0	0.0	0.0	0.0	0.0	0.0	0.0	0.0	0.0	0.0	0.0	0.0	0.0	0.0	0.0	0.0	0.0	0.0	0.0	0.0	0.0	0.0	0.0	0.0	0.0	0.0	0.0	0.0	0.0	0.0	0.0	0.0	0.0	0.0	0.0	0.0	0.0	0.0	0.0	0.0	0.0	0.0	0.0	0.0	0.0	0.0	0.0	0.0	0.0	0.0	0.0	0.0	0.0	0.0	0.0	0.0	0.0	0.0	0.0	0.0	0.0	0.0	0.0	0.0	0.0	0.0	0.0	0.0	0.0	0.0	0.0	0.0	0.0	0.0	0.0	0.0	0.0	0.0	0.0	0.0	0.0	0.0	0.0	0.0	0.0	0.0	0.0	0.0	0.0	0.0	0.0	0.0	0.0	0.0	0.0	0.0	0.0	0.0	0.0	0.0	0.0	0.0	0.0	0.0	0.0	0.0	0.0	0.0	0.0	0.0	0.0	0.0	0.0	0.0	0.0	0.0	0.0	0.0	0.0	0.0	0.0	0.0	0.0	0.0	0.0	0.0	0.0	0.0	0.0	0.0	0.0	0.0	0.0	0.0	0.0	0.0	0.0	0.0	0.0	0.0	0.0	0.0	0.0	0.0	0.0	0.0	0.0	0.0	0.0	0.0	0.0	0.0	0.0	0.0	0.0	0.0	0.0	0.0	0.0	0.0	0.0	0.0	0.0	0.0	0.0	0.0	0.0	0.0	0.0	0.0	0.0	0.0	0.0	0.0	0.0	0.0	0.0	0.0	0.0	0.0	0.0	0.0	0.0	0.0	0.0	0.0	0.0	0.0	0.0	0.0	0.0	0.0	0.0	0.0	0.0	0.0	0.0	0.0	0.0	0.0	0.0	0.0	0.0	0.0	0.0	0.0	0.0	0.0	0.0	0.0	0.0	0.0	0.0	0.0	0.0	0.0	0.0	0.0	0.0	0.0	0.0	0.0	0.0	0.0	0.0	0.0	0.0	0.0	0.0	0.0	0.0	0.0	0.0	0.0	0.0	0.0	0.0	0.0	0.0	0.0	0.0	0.0	0.0	0.0	0.0	0.0	0.0	0.0	0.0	0.0	0.0	0.0	0.0	0.0	0.0	0.0	0.0	0.0	0.0	0.0	0.0	0.0	0.0	0.0	0.0	0.0	0.0	0.0	0.0	0.0	0.0	0.0	0.0	0.0	0.0	0.0	0.0	0.0	0.0	0.0	0.0	0.0	0.0	0.0	0.0	0.0	0.0	0.0	0.0	0.0	0.0	0.0	0.0	0.0	0.0	0.0	0.0	0.0	0.0	0.0	0.0	0.0	0.0	0.0	0.0	0.0	0.0	0.0	0.0	0.0	0.0	0.0	0.0	0.0	0.0	0.0	0.0	0.0	0.0	0.0	0.0	0.0	0.0	0.0	0.0	0.0	0.0	0.0	0.0	0.0	0.0	0.0	0.0	0.0	0.0	0.0	0.0	0.0	0.0	0.0	0.0	0.0	0.0	0.0	0.0	0.0	0.0	0.0	0.0	0.0	0.0	0.0	0.0	0.0	0.0	0.0	0.0	0.0	0.0	0.0	0.0	0.0	0.0	0.0	0.0	0.0	0.0	0.0	0.0	0.0	0.0	0.0	0.0	0.0	0.0	0.0	0.0	0.0	0.0	0.0	0.0	0.0	0.0	0.0	0.0	0.0	0.0	0.0	0.0	0.0	0.0	0.0	0.0	0.0	0.0	0.0	0.0	0.0	0.0	0.0	0.0	0.0	0.0	0.0	0.0	0.0	0.0	0.0	0.0	0.0	0.0	0.0	0.0	0.0	0.0	0.0	0.0	0.0	0.0	0.0	0.0	0.0	0.0	0.0	0.0	0.0	0.0	0.0	0.0	0.0	0.0	0.0	0.0	0.0	0.0	0.0	0.0	0.0	0.0	0.0	0.0	0.0	0.0	0.0	0.0	0.0	0.0	0.0	0.0	0.0	0.0	0.0	0.0	0.0	0.0	0.0	0.0	0.0	0.0	0.0	0.0	0.0	0.0	0.0	0.0	0.0	0.0	0.0	0.0	0.0	0.0	0.0	0.0	0.0	0.0	0.0	0.0	0.0	0.0	0.0	0.0	0.0	0.0	0.0	0.0	0.0	0.0	0.0	0.0	0.0	0.0	0.0	0.0	0.0	0.0	0.0	0.0
G12	0.0	0.0	0.0	0.0	0.0	0.0	0.0	0.0	0.0	0.0	0.0	0.0	0.0	0.0	0.0	0.0	0.0	0.0	0.0	0.0	0.0	0.0	0.0	0.0	0.0	0.0	0.0	0.0	0.0	0.0	0.0	0.0	0.0	0.0	0.0	0.0	0.0	0.0	0.0	0.0	0.0	0.0	0.0	0.0	0.0	0.0	0.0	0.0	0.0	0.0	0.0	0.0	0.0	0.0	0.0	0.0	0.0	0.0	0.0	0.0	0.0	0.0	0.0	0.0	0.0	0.0	0.0	0.0	0.0	0.0	0.0	0.0	0.0	0.0	0.0	0.0	0.0	0.0	0.0	0.0	0.0	0.0	0.0	0.0	0.0	0.0	0.0	0.0	0.0	0.0	0.0	0.0	0.0	0.0	0.0	0.0	0.0	0.0	0.0	0.0	0.0	0.0	0.0	0.0	0.0	0.0	0.0	0.0	0.0	0.0	0.0	0.0	0.0	0.0	0.0	0.0	0.0	0.0	0.0	0.0	0.0	0.0	0.0	0.0	0.0	0.0	0.0	0.0	0.0	0.0	0.0	0.0	0.0	0.0	0.0	0.0	0.0	0.0	0.0	0.0	0.0	0.0	0.0	0.0	0.0	0.0	0.0	0.0	0.0	0.0	0.0	0.0	0.0	0.0	0.0	0.0	0.0	0.0	0.0	0.0	0.0	0.0	0.0	0.0	0.0	0.0	0.0	0.0	0.0	0.0	0.0	0.0	0.0	0.0	0.0	0.0	0.0	0.0	0.0	0.0	0.0	0.0	0.0	0.0	0.0	0.0	0.0	0.0	0.0	0.0	0.0	0.0	0.0	0.0	0.0	0.0	0.0	0.0	0.0	0.0	0.0	0.0	0.0	0.0	0.0	0.0	0.0	0.0	0.0	0.0	0.0	0.0	0.0	0.0	0.0	0.0	0.0	0.0	0.0	0.0	0.0	0.0	0.0	0.0	0.0	0.0	0.0	0.0	0.0	0.0	0.0	0.0	0.0	0.0	0.0	0.0	0.0	0.0	0.0	0.0	0.0	0.0	0.0	0.0	0.0	0.0	0.0	0.0	0.0	0.0	0.0	0.0	0.0	0.0	0.0	0.0	0.0	0.0	0.0	0.0	0.0	0.0	0.0	0.0	0.0	0.0	0.0	0.0	0.0	0.0	0.0	0.0	0.0	0.0	0.0	0.0	0.0	0.0	0.0	0.0	0.0	0.0	0.0	0.0	0.0	0.0	0.0	0.0	0.0	0.0	0.0	0.0	0.0	0.0	0.0	0.0	0.0	0.0	0.0	0.0	0.0	0.0	0.0	0.0	0.0	0.0	0.0	0.0	0.0	0.0	0.0	0.0	0.0	0.0	0.0	0.0	0.0	0.0	0.0	0.0	0.0	0.0	0.0	0.0	0.0	0.0	0.0	0.0	0.0	0.0	0.0	0.0	0.0	0.0	0.0	0.0	0.0	0.0	0.0	0.0	0.0	0.0	0.0	0.0	0.0	0.0	0.0	0.0	0.0	0.0	0.0	0.0	0.0	0.0	0.0	0.0	0.0	0.0	0.0	0.0	0.0	0.0	0.0	0.0	0.0	0.0	0.0	0.0	0.0	0.0	0.0	0.0	0.0	0.0	0.0	0.0	0.0	0.0	0.0	0.0	0.0	0.0	0.0	0.0	0.0	0.0	0.0	0.0	0.0	0.0	0.0	0.0	0.0	0.0	0.0	0.0	0.0	0.0	0.0	0.0	0.0	0.0	0.0	0.0	0.0	0.0	0.0	0.0	0.0	0.0	0.0	0.0	0.0	0.0	0.0	0.0	0.0	0.0	0.0	0.0	0.0	0.0	0.0	0.0	0.0	0.0	0.0	0.0	0.0	0.0	0.0	0.0	0.0	0.0	0.0	0.0	0.0	0.0	0.0	0.0	0.0	0.0	0.0	0.0	0.0	0.0	0.0	0.0	0.0	0.0	0.0	0.0	0.0	0.0	0.0	0.0	0.0	0.0	0.0	0.0	0.0	0.0	0.0	0.0	0.0	0.0	0.0	0.0	0.0	0.0	0.0	0.0	0.0	0.0	0.0	0.0	0.0	0.0	0.0	0.0	0.0	0.0	0.0	0.0	0.0	0.0	0.0	0.0	0.0	0.0	0.0	0.0	0.0	0.0	0.0	0.0	0.0	0.0	0.0	0.0	0.0	0.0	0.0	0.0	0.0	0.0	0.0	0.0	0.0	0.0	0.0	0.0	0.0	0.0	0.0	0.0	0.0	0.0	0.0	0.0	0.0	0.0	0.0	0.0	0.0	0.0	0.0	0.0	0.0	0.0	0.0	0.0	0.0	0.0	0.0	0.0	0.0	0.0	0.0	0.0	0.0	0.0	0.0	0.0	0.0	0.0	0.0	0.0	0.0	0.0	0.0	0.0	0.0	0.0	0.0	0.0	0.0	0.0	0.0	0.0	0.0	0.0	0.0	0.0	0.0	0.0	0.0	0.0	0.0	0.0	0.0	0.0	0.0	0.0	0.0	0.0	0.0	0.0	0.0	0.0	0.0	0.0	0.0	0.0	0.0	0.0	0.0	0.0	0.0	0.0	0.0	0.0	0.0	0.0	0.0	0.0	0.0	0.0	0.0	0.0	0.0	0.0	0.0	0.0	0.0	0.0	0.0	0.0	0.0	0.0	0.0	0.0	0.0	0.0	0.0	0.0	0.0	0.0	0.0	0.0	0.0	0.0	0.0	0.0	0.0	0.0	0.0	0.0	0.0	0.0	0.0	0.0	0.0	0.0	0.0	0.0	0.0	0.0	0.0	0.0	0.0	0.0	0.0	0.0	0.0	0.0	0.0	0.0	0.0	0.0	0.0	0.0	0.0	0.0	0.0	0.0	0.0	0.0	0.0	0.0	0.0	0.0	0.0	0.0	0.0	0.0	0.0	0.0	0.0	0.0	0.0	0.0	0.0	0.0	0.0	0.0	0.0	0.0	0.0	0.0	0.0	0.0	0.0	0.0	0.0	0.0	0.0	0.0	0.0	0.0	0.0	0.0	0.0	0.0	0.0	0.0	0.0	0.0	0.0	0.0	0.0	0.0	0.0	0.0	0.0	0.0	0.0	0.0	0.0	0.0	0.0	0.0	0.0	0.0	0.0	0.0	0.0	0.0	0.0	0.0	0.0	0.0	0.0	0.0	0.0	0.0	0.0	0.0	0.0	0.0	0.0	0.0	0.0	0.0	0.0	0.0	0.0	0.0	0.0	0.0	0.0	0.0	0.0	0.0	0.0	0.0	0.0	0.0	0.0	0.0	0.0	0.0	0.0	0.0	0.0	0.0	0.0	0.0	0.0	0.0	0.0	0.0	0.0	0.0	0.0	0.0	0.0	0.0	0.0	0.0	0.0	0.0	0.0	0.0	0.0	0.0	0.0	0.0	0.0	0.0	0.0	0.0	0.0	0.0	0.0	0.0	0.0	0.0	0.0	0.0	0.0	0.0	0.0	0.0	0.0	0.0	0.0	0.0	0.0	0.0	0.0	0.0	0.0	0.0	0.0	0.0	0.0	0.0	0.0	0.0	0.0	0.0	0.0	0.0	0.0	0.0	0.0	0.0	0.0	0.0	0.0	0.0	0.0	0.0	0.0	0.0	0.0	0.0	0.0	0.0	0.0	0.0	0.0	0.0	0.0	0.0	0.0	0.0	0.0	0.0	0.0	0.0	0.0	0.0	0.0	0.0	0.0	0.0	0.0	0.0	0.0	0.0	0.0	0.0	0.0	0.0	0.0	0.0	0.0	0.0	0.0	0.0	0.0	0.0	0.0	0.0	0.0	0.0	0.0	0.0	0.0	0.0	0.0	0.0	0.0	0.0	0.0	0.0	0.0	0.0	0.0	0.0	0.0	0.0	0.0	0.0	0.0	0.0	0.0	0.0	0.0	0.0	0.0	0.0	0.0	0.0	0.0	0.0	0.0	0.0	0.0	0.0	0.0	0.0	0.0	0.0	0.0	0.0	0.0	0.0	0.0	0.0	0.0	0.0	0.0	0.0	0.0	0.0	0.0	0.0	0.0	0.0	0.0	0.0	0.0	0.0	0.0	0.0	0.0	0.0	0.0	0.0	0.0	0.0	0.0	0.0	0.0	0.0	0.0	0.0	0.0	0.0	0.0	0.0	0.0	0.0	0.0	0.0	0.0	0.0	0.0	0.0	0.0	0.0	0.0	0.0	0.0	0.0	0.0	0.0	0.0	0.0	0.0	0.0	0.0	0.0	0.0	0.0	0.0	0.0	0.0	0.0	0.0	0.0	0.0	0.0	0.0	0.0	0.0	0.0	0.0	0.0	0.0	0.0	0.0	0.0	0.0	0.0	0.0	0.0	0.0	0.0	0.0	0.0	0.0	0.0	0.0	0.0	0.0	0.0	0.0	0.0	0.0	0.0	0.0	0.0	0.0	0.0	0.0	0.0	0.0	0.0	0.0	0.0	0.0	0.0	0.0	0.0	0.0	0.0	0.0	0.0	0.0	0.0	0.0	0.0	0.0	0.0	0.0	0.0	0.0	0.0	0.0	0.0	0.0	0.0	0.0	0.0	0.0	0.0	0.0	0.0	0.0	0.0	0.0	0.0	0.0	0.0	0.0	0.0	0.0	0.0	0.0	0.0	0.0	0.0	0.0	0.0	0.0	0.0	0.0	0.0	0.0	0.0	0.0	0.0	0.0	0.0	0.0	0.0	0.0	0.0	0.0	0.0	0.0	0.0	0.0	0.0	0.0	0.0	0.0	0.0	0.0	0.0	0.0	0.0	0.0	0.0	0.0	0.0	0.0	0.0	0.0	0.0	0.0	0.0	0.0	0.0	0.0	0.0	0.0	0.0	0.0	0.0	0.0	0.0	0.0	0.0	0.0	0.0	0.0	0.0	0.0	0.0	0.0	0.0	0.0	0.0	0.0	0.0	0.0	0.0	0.0	0.0	0.0	0.0	0.0	0.0	0.0	0.0	0.0	0.0	0.0	0.0	0.0	0.0	0.0	0.0	0.0	0.0	0.0	0.0	0.0	0.0	0.0	0.0	0.0	0.0	0.0	0.0	0.0	0.0	0.0	0.0	0.0	0.0	0.0	0.0	0.0	0.0	0.0	0.0	0.0	0.0	0.0	0.0	0.0	0.0	0.0	0.0	0.0	0.0	0.0	0.0	0.0	0.0	0.0	0.0	0.0	0.0	0.0	0.0	0.0	0.0	0.0	0.0	0.0	0.0	0.0	0.0	0.0	0.0	0.0	0.0	0.0	0.0	0.0	0.0	0.0	0.0	0.0	0.0	0.0	0.0	0.0	0.0	0.0	0.0	0.0	0.0	0.0	0.0	0.0	0.0	0.0	0.0	0.0	0.0	0.0	0.0	0.0	0.0	0.0	0.0	0.0	0.0	0.0	0.0	0.0	0.0	0.0	0.0	0.0	0.0	0.0	0.0	0.0	0.0	0.0	0.0	0.0	0.0	0.0	0.0	0.0	0.0	0.0	0.0	0.0	0.0	0.0	0.0	0.0	0.0	0.0	0.0	0.0	0.0	0.0	0.0	0.0	0.0	0.0	0.0	0.0	0.0	0.0	0.0	0.0	0.0	0.0	0.0	0.0	0.0	0.0	0.0	0.0	0.0	0.0	0.0	0.0	0.0	0.0	0.0	0.0	0.0	0.0	0.0	0.0	0.0	0.0	0.0	0.0	0.0	0.0	0.0	0.0	0.0	0.0	0.0	0.0	0.0	0.0	0.0	0.0	0.0	0.0	0.0	0.0	0.0	0.0	0.0	0.0	0.0	0.0	0.0	0.0	0.0	0.0	0.0	0.0	0.0	0.0	0.0	0.0	0.0	0.0	0.0	0.0	0.0	0.0	0.0	0.0	0.0	0.0	0.0	0.0	0.0	0.0	0.0	0.0	0.0	0.0	0.0	0.0	0.0	0.0	0.0	0.0	0.0	0.0	0.0	0.0	0.0	0.0	0.0	0.0	0.0	0.0	0.0	0.0	0.0	0.0	0.0	0.0	0.0	0.0	0.0	0.0	0.0	0.0	0.0	0.0	0.0	0.0	0.0	0.0	0.0	0.0	0.0	0.0	0.0	0.0	0.0	0.0	0.0	0.0	0.0	0.0	0.0	0.0	0.0	0.0	0.0	0.0	0.0	0.0	0.0	0.0	0.0	0.0	0.0	0.0	0.0	0.0	0.0	0.0	0.0	0.0	0.0	0.0	0.0	0.0	0.0	0.0	0.0	0.0	0.0	0.0	0.0	0.0	0.0	0.0	0.0	0.0	0.0	0.0	0.0	0.0	0.0	0.0	0.0	0.0	0.0	0.0	0.0	0.0	0.0	0.0	0.0	0.0	0.0	0.0	0.0	0.0	0.0	0.0	0.0	0.0	0.0	0.0	0.0	0.0	0.0	0.0	0.0	0.0	0.0	0.0	0.0	0.0	0.0	0.0	0.0	0.0	0.0	0.0	0.0	0.0	0.0	0.0	0.0	0.0	0.0	0.0	0.0	0.0	0.0	0.0	0.0	0.0	0.0	0.0	0.0	0.0	0.0	0.0	0.0	0.0	0.0	0.0	0.0	0.0	0.0	0.0	0.0	0.0	0.0	0.0	0.0	0.0	0.0	0.0	0.0	0.0	0.0	0.0	0.0	0.0	0.0	0.0	0.0	0.0	0.0	0.0	0.0	0.0	0.0	0.0	0.0	0.0	0.0	0.0	0.0	0.0	0.0	0.0	0.0	0.0	0.0	0.0	0.0	0.0	0.0	0.0	0.0	0.0	0.0	0.0	0.0	0.0	0.0	0.0	0.0	0.0	0.0	0.0	0.0	0.0	0.0	0.0	0.0	0.0	0.0	0.0	0.0	0.0	0.0	0.0	0.0	0.0	0.0	0.0	0.0	0.0	0.0	0.0	0.0	0.0	0.0	0.0	0.0	0.0	0.0	0.0	0.0	0.0	0.0	0.0	0.0	0.0	0.0	0.0	0.0	0.0	0.0	0.0	0.0	0.0	0.0	0.0	0.0	0.0	0.0	0.0	0.0	0.0	0.0	0.0	0.0	0.0	0.0	0.0	0.0	0.0	0.0	0.0	0.0	0.0	0.0	0.0	0.0	0.0	0.0	0.0	0.0	0.0	0.0	0.0	0.0	0.0	0.0	0.0	0.0	0.0	0.0	0.0	0.0	0.0	0.0	0.0	0.0	0.0	0.0	0.0	0.0	0.0	0.0	0.0	0.0	0.0	0.0	0.0	0.0	0.0	0.0	0.0	0.0	0.0	0.0	0.0	0.0	0.0	0.0	0.0	0.0	0.0	0.0	0.0	0.0	0.0	0.0	0.0	0.0	0.0	0.0	0.0	0.0	0.0	0.0	0.0	0.0	0.0	0.0	0.0	0.0	0.0	0.0	0.0	0.0	0.0	0.0	0.0	0.0	0.0	0.0	0.0	0.0	0.0	0.0	0.0	0.0	0.0	0.0	0.0	0.0	0.0	0.0	0.0	0.0	0.0	0.0	0.0	0.0	0.0	0.0	0.0	0.0	0.0	0.0	0.0	0.0	0.0	0.0	0.0	0.0	0.0	0.0	0.0	0.0	0.0	0.0	0.0	0.0	0.0	0.0	0.0	0.0	0.0	0.0	0.0	0.0	0.0	0.0	0.0	0.0	0.0	0.0	0.0	0.0	0.0	0.0	0.0	0.0	0.0	0.0	0.0	0.0	0.0	0.0	0.0	0.0	0.0	0.0	0.0	0.0	0.0	0.0	0.0	0.0	0.0	0.0	0.0	0.0	0.0	0.0	0.0	0.0	0.0	0.0	0.0	0.0	0.0	0.0	0.0	0.0	0.0	0.0	0.0	0.0	0.0	0.0	0.0	0.0	0.0	0.0	0.0	0.0	0.0	0.0	0.0	0.0	0.0	0.0	0.0	0.0	0.0	0.0	0.0	0.0	0.0	0.0	0.0	0.0	0.0	0.0	0.0	0.0	0.0	0.0	0.0	0.0	0.0	0.0	0.0	0.0	0.0	0.0	0.0	0.0	0.0	0.0	0.0	0.0	0.0	0.0	0.0	0.0	0.0	0.0	0.0	0.0	0.0	0.0	0.0	0.0	0.0	0.0	0.0	0.0	0.0	0.0	0.0	0.0	0.0	0.0	0.0	0.0	0.0	0.0	0.0	0.0	0.0	0.0	0.0	0.0	0.0	0.0	0.0	0.0	0.0	0.0	0.0	0.0	0.0	0.0	0.0	0.0	0.0	0.0	0.0	0.0	0.0	0.0	0.0	0.0	0.0	0.0	0.0	0.0	0.0	0.0	0.0	0.0	0.0	0.0	0.0	0.0	0.0	0.0	0.0	0.0	0.0	0.0	0.0	0.0	0.0	0.0	0.0	0.0	0.0	0.0	0.0	0.0	0.0	0.0	0.0	0.0	0.0	0.0	0.0	0.0	0.0	0.0	0.0	0.0	0.0	0.0	0.0	0.0	0.0	0.0	0.0	0.0	0.0	0.0	0.0	0.0	0.0	0.0	0.0	0.0	0.0	0.0	0.0	0.0	0.0	0.0	0.0	0.0	0.0	0.0	0.0	0.0	0.0	0.0	0.0	0.0	0.0	0.0	0.0	0.0	0.0	0.0	0.0	0.0	0.0	0.0	0.0	0.0	0.0	0.0	0.0	0.0	0.0	0.0	0.0	0.0	0.0	0.0	0.0	0.0	0.0	0.0	0.0	0.0	0.0	0.0	0.0	0.0	0.0	0.0	0.0	0.0	0.0	0.0	0.0	0.0	0.0	0.0	0.0	0.0	0.0	0.0	0.0	0.0	0.0	0.0	0.0	0.0	0.0	0.0	0.0	0.0	0.0	0.0	0.0	0.0	0.0	0.0	0.0	0.0	0.0	0.0	0.0	0.0	0.0	0.0	0.0	0.0	0.0	0.0	0.0	0.0	0.0	0.0	0.0	0.0	0.0	0.0	0.0	0.0	0.0	0.0	0.0	0.0	0.0	0.0	0.0	0.0	0.0	0.0	0.0	0.0	0.0	0.0	0.0	0.0	0.0	0.0	0.0	0.0	0.0	0.0	0.0	0.0	0.0	0.0	0.0	0.0	0.0	0.0	0.0	0.0	0.0	0.0	0.0	0.0	0.0	0.0	0.0	0.0	0.0	0.0	0.0	0.0	0.0	0.0	0.0	0.0	0.0	0.0	0.0	0.0	0.0	0.0	0.0	0.0	0.0	0.0	0.0	0.0	0.0	0.0	0.0	0.0	0.0	0.0	0.0	0.0	0.0	0.0	0.0	0.0	0.0	0.0	0.0	0.0	0.0	0.0	0.0	0.0	0.0	0.0	0.0	0.0	0.0	0.0	0.0	0.0	0.0	0.0	0.0	0.0	0.0	0.0	0.0	0.0	0.0	0.0	0.0	0.0	0.0	0.0	0.0	0.0	0.0	0.0	0.0	0.0	0.0	0.0	0.0	0.0	0.0	0.0	0.0	0.0	0.0	0.0	0.0	0.0	0.0	0.0	0.0	0.0	0.0	0.0	0.0	0.0	0.0	0.0	0.0	0.0	0.0	0.0	0.0	0.0	0.0	0.0	0.0	0.0	0.0	0.0	0.0	0.0	0.0	0.0	0.0	0.0	0.0	0.0	0.0	0.0	0.0	0.0	0.0	0.0	0.0	0.0	0.0	0.0	0.0	0.0	0.0	0.0	0.0	0.0	0.0	0.0	0.0	0.0	0.0	0.0	0.0	0.0	0.0	0.0	0.0	0.0	0.0	0.0	0.0	0.0	0.0	0.0	0.0	0.0	0.0	0.0	0.0	0.0	0.0	0.0	0.0	0.0	0.0	0.0	0.0	0.0	0.0	0.0	0.0	0.0	0.0	0.0	0.0	0.0	0.0	0.0	0.0	0.0	0.0	0.0	0.0	0.0	0.0	0.0	0.0	0.0	0.0	0.0	0.0	0.0	0.0	0.0	0.0	0.0	0.0	0.0	0.0	0.0	0.0	0.0	0.0	0.0	0.0	0.0	0.0	0.0	0.0	0.0	0.0	0.0	0.0	0.0	0.0	0.0	0.0	0.0	0.0	0.0	0.0	0.0	0.0	0.0	0.0	0.0	0.0	0.0	0.0	0.0	0.0	0.0	0.0	0.0	0.0	0.0	0.0	0.0	0.0	0.0	0.0	0.0	0.0	0.0	0.0	0.0	0.0	0.0	0.0	0.0	0.0	0.0	0.0	0.0	0.0	0.0	0.0	0.0	0.0	0.0	0.0	0.0	0.0	0.0	0.0	0.0	0.0	0.0	0.0	0.0	0.0	0.0	0.0	0.0	0.0	0.0	0.0	0.0	0.0	0.0	0.0	0.0	0.0	0.0	0.0	0.0	0.0	0.0	0.0	0.0	0.0	0.0	0.0	0.0	0.0	0.0	0.0	0.0	0.0	0.0	0.0	0.0	0.0	0.0	0.0	0.0	0.0	0.0	0.0	0.0	0.0	0.0	0.0	0.0	0.0	0.0	0.0	0.0	0.0	0.0	0.0	0.0	0.0	0.0	0.0	0.0	0.0	0.0	0.0	0.0	0.0	0.0	0.0	0.0	0.0	0.0	0.0	0.0	0.0	0.0	0.0	0.0	0.0	0.0	0.0	0.0	0.0
G13	5.792773996172132	6.841313695536118	3.2879630472830192	7.8483287422108745	4.858414620837965	7.705784640567039	8.8699417867564	1.9104046778268402	5.284137858445466	5.449658639947718	9.45189716556193	3.210196475874277	4.197588618449217	6.888033375290026	5.865840134362861	4.830146613299709	4.2471324159314605	5.346206090563688	2.5745798930454122	1.8351208003380668	7.704842227583974	7.5846233689936575	1.7779874953491916	7.762326533908975	3.580948749539733	6.5621405672939765	3.1107817620477767	7.364065381434803	4.544008241862062	1.9735865786556	4.600439783252734	3.0606904354787874	3.614958456261912	7.136451334423594	6.658864827639683	5.389909687358721	2.024794930465867	10.854044870687549	4.206925112263847	4.2379155481087905	5.213205241497566	2.5516536172374975	4.7936096863699875	2.9280875485868383	6.533761405190529	3.7926890225234473	4.466851545250453	4.985981891727745	7.095065923797318	2.1581219610408153	4.2811945618268235	4.280091506023011	6.974865023483818	7.227109523214153	3.840719288936902	5.293576824470526	6.997660976708971	3.056416974917259	1.0249694366370259	3.7064979488548286	2.259694566234474	6.589344935193713	6.6990354778875085	5.87973935466054	6.559959474674416	4.832259055494234	5.126969321041249	6.589787612259447	9.667671892428407	4.612586332083594	5.465318607931291	5.204139118220245	4.393600434154499	7.835808635709655	6.101223006715507	2.0545763949405234	5.907240129949241	4.275217662203845	3.78290889755906	5.299778167864647	3.3438506777817008	5.6077069044985475	3.272627625262354	0.7857731703147105	6.064659744221954	6.048863802099593	3.140674727409111	10.05154974451002	5.952495017667058	0.9896928631161211	5.021355548171378	4.248937693653726	6.89370569909486	7.767277516167675	4.2180275509381575	8.981476740661758	7.595970519781289	5.292608341920074	2.3377630253252306	2.5635679404192917	6.567546372944543	5.471533234745046	4.403896569557616	6.198307711033304	9.83614235215918	3.219833223564104	7.201195013312854	3.930177583830838	5.269213818119841	1.9930318546124501	3.7148465617946775	3.4146606804753534	7.50628133315956	3.8463727020564056	3.892968482844856	4.513121801326847	4.742885546230504	7.194978807397138	0.5093101464451742	4.323577201520739	4.417937388175613	8.265518002119325	5.920512829116706	4.383523242498434	5.619177949298896	7.662271911362317	6.9181180151095765	6.891360593087138	4.2611103302646605	4.157869207904745	5.9358200438445206	3.8927150765336953	3.2993405394220696	5.856830391249664	3.8618582219754396	7.172692483078231	2.0496654152873433	3.0922935134468728	4.240084749826765	6.54616062092671	4.722686638838649	5.751209527969043	4.791080371852278	5.073401413090791	6.512650829003242	3.854670630585689	0.9769112618454279	9.544647728915805	2.646018235186376	6.912999146198119	1.6608857512285913	3.9070183881969944	8.905977634488451	6.003432448429021	5.352557983810199	7.937962860623978	6.297377333467981	2.1846198422550382	3.933496975952363	7.753982461995939	6.253969319634904	3.9086496254888337	7.297903648440034	6.666901603285418	3.6607075171784023	4.2451405216656495	6.957511581485797	6.414779927850916	6.808633256888383	6.767334936721226	6.267901749296569	3.907882649309029	6.053828113260488	4.957362158884233	9.388220626557896	6.21565427945213	2.910703244277008	3.740640706732029	6.392114261474188	4.383021013582959	5.41871849495354	6.301703035849874	6.472930173873694	5.695306444743874	5.041359325534609	3.503109290742436	4.935368231575894	5.3044712988586245	4.295720489696316	4.838320657393809	3.960260514505422	4.319892174285205	4.633199090890917	5.539511163904676	6.828566583362818	4.723078033915242	4.492660997839888	4.62002511143258	5.5785625446207545	5.850331318110528	4.448314638394639	7.492836500884558	7.116380884189618	3.509105805668014	3.3511579531264974	4.08083593766255	5.577489114866045	7.885191578356454	4.555217658025165	5.146414319613279	2.905153275103318	2.963931464236595	5.189182286300611	4.994843948218129	6.7877149910186345	6.680239637459719	6.602213075873616	6.018251096835483	5.949825590123667	0.9843085857759813	0.9876732577772223	7.111780670970127	4.626188700959158	4.10587209688128	4.136858290366163	5.123254600324398	6.381894855317559	6.76607265082019	2.1012005507775444	5.7709582035822695	3.694351076101578	2.4238318158050154	4.531377180448552	6.098553463699056	5.160421738921132	0.9999251611014808	14.362399672662919	7.918418834446583	4.273059801643168	9.63782740935669	5.5454221581679	5.71179879022305	2.1710249988806813	3.938065832370027	3.0054638349934435	6.691503491287568	3.839338759929811	2.7762347199547124	3.6537271466115953	4.794714648389844	2.656469269464891	3.803431980349187	4.3474427212326905	6.038511235942005	0.9985273940822463	4.444288047843021	3.5308472216616242	6.10229008877643	5.5501559662363675	1.9463948080907407	6.389086855709135	4.81243910532304	3.0158433768872506	6.400265554113689	6.797717629969747	4.898332768332171	5.008026159488427	2.3927613939089403	6.916948548220335	4.549291676062444	4.835488039842519	1.1050731808637348	1.9582855373510233	2.618381233450332	7.6780186658912415	7.899917723239931	3.7521467614724573	5.258803462084009	2.6136871463581715	3.818041973768726	5.617115697763235	6.087084447268232	5.809204505835736	3.8708551000867493	6.28845025708619	10.636056712553264	3.842863789568474	4.949543787247566	9.288227186761008	7.97882356539521	5.832187529675119	7.853300589906018	6.724177768971215	2.0059566315916646	2.8208666247059555	4.115059619741158	4.145100722267688	4.6453545083999686	5.599272289388126	5.8845743231570316	3.9146112308426604	3.331521054981866	4.294146344392448	8.97177412717678	5.298054949123297	3.846221592877376	5.034242822295051	7.314207639371194	9.835464169881412	3.495278715064984	7.508758645147567	5.789496302317458	4.31908067569853	3.828059744180993	1.5380431406085833	6.738439224794539	2.908672863818525	5.541065206947798	2.8646409147496867	3.9947030031842563	5.172172830188185	4.254101502277077	11.216764638133903	6.008245775731348	3.094810368568139	12.906837768184413	3.9391830631108458	6.054428967992577	9.923439547993542	5.14535368487253	3.6468615576362815	1.9742965481950039	7.773099896280645	3.5998016410015663	1.9914718618405884	3.9404129692824954	4.609732656646727	4.03653850898587	1.5671352127368638	1.9845848418916283	5.193302372967314	2.8969338226264822	6.232322014016771	1.81570810352552	4.137670100147309	4.059411792877741	7.99434237599648	4.844526692559627	5.312961201585461	5.506246944629791	4.9841369478100335	3.233071250441712	6.508728851362213	5.865053008669985	4.24766118316213	4.9955732657555085	3.955428668313048	6.484393959191957	7.048657691356046	3.3860198352607394	9.964665775243779	1.931905433573818	6.432804925945532	4.288911010864843	8.880228552111072	5.7306918793499975	6.031431452725954	6.199912526427331	5.053515835781632	6.204419308989355	7.174779828238113	4.839140750834366	3.471587075959749	6.090486895094125	3.9248225291232592	6.374010087843282	3.0024148847352667	0.9981413270327775	2.670378981124394	4.332211228342061	6.767272338859129	2.474750557511894	5.465166036461	4.85527659764528	6.018586624316978	3.7187459443840827	5.022127263272513	5.286609510778556	3.8260197099934725	2.0711945691290694	5.073460867605096	3.7852292339501803	9.236476945440652	2.8859194352481	8.895386574702155	3.7253007160893197	6.1916424156467	5.996985091558384	3.016413717958906	7.086844119665059	5.133015580095608	8.30904633721952	4.5224932167483685	9.155178078113341	5.421629689572781	4.586662469940088	6.164435997181778	5.941392380976315	5.9164816539134	6.914804294086022	4.638646151509637	5.793581765031987	5.571517304627472	4.296765862205749	4.05051224345579	5.914025698840269	5.2101752911533845	4.604999925308053	3.848506296870816	6.314903773619136	7.744193257008157	4.556679631363294	5.543459359206111	4.972582035791122	2.785018939110423	6.736805976776817	3.515979572263059	2.6763089389922703	3.8727277408452925	6.92635173556379	2.9909722361103332	0.9870122747830685	1.9730050783015731	3.8960779390799662	3.04612162164295	3.7173928065043493	2.344857102790253	1.9445158529777404	4.162699253174056	5.751299026691523	2.0777843393776427	2.033954642584575	3.4756754471696514	3.233344566804027	5.991180914263382	5.564487884763573	1.0496418665645346	0.5540839858190837	6.845954071302114	3.8831554008709936	5.023601154246939	4.264298497024383	5.113460687895852	3.946479140537895	8.945369327902732	5.935010509127745	2.9624885866930346	2.4427780644270345	5.32156625302419	10.915036975080996	6.686903135407056	4.121662219741949	3.212783039759748	5.345425293426294	5.293960923339166	4.183042696760246	6.387707606734862	3.5710207211870504	3.99001601773264	2.706341929060189	4.558761249945944	3.2637579437129682	6.098807665671853	3.9346226992140525	6.2862837861556775	3.825155279462833	3.7465773823943063	3.5032548815750206	1.7939491188643806	5.25553888351211	3.8670612583320247	5.043289717132116	4.191871342877603	0.0	6.663599957423289	2.5444521328385084	5.286472606737946	5.029362079084891	6.071281714872608	4.847188467319494	6.306493438330464	3.6320537671797752	4.018793995594648	3.845045731757311	6.621492819066594	5.353760981142289	3.160455187077055	4.234331611382091	3.798892793910591	6.811531970561499	4.826722031292911	5.874518175561101	3.0734856469414287	5.0426120446877025	5.007111294381804	8.132978181912684	9.433630394268699	2.8361942437071543	2.9941578115083582	4.454319168799962	1.5011717114306868	7.820067662375328	1.0680288748492925	4.79252939019767	7.598358375957783	2.8762410193438526	10.551120474209984	5.938798323679845	8.610799494533818	5.472130837124151	3.681368690927707	5.5423866053577395	3.537812818307847	6.9163008429403225	5.967451888010754	2.0031132190935934	2.01949733850003	6.8557457037556	3.1219698499506645	3.0989461131464475	7.00039160310788	5.765506543329233	4.961243097892988	5.312410565895782	4.489230021135108	3.037976925287441	2.311432200026573	4.555975867326929	6.924409554439134	2.2035874747651802	3.001977298397735	3.9099009703456873	4.270236505457302	2.771276802077281	6.825018362829266	4.968481664310149	8.447622623734656	1.3382114123760265	4.594149211487852	8.285153457175246	4.399031520723696	3.995138227199645	3.2843983159521306	0.5868737118402758	5.107857231914313	3.4090244206752476	3.0141877796591436	1.5499664365196177	3.5497209637626765	4.762234905610354	8.81181905671146	6.680599396149759	4.399068150444871	6.6343121546713935	2.2787467764799443	1.897784649977506	1.9658938173065654	7.521120301920966	4.937968268324956	4.020328239720999	3.8986628220506727	5.226955043273067	5.515256613492064	2.3167690285520566	6.204643364994077	3.894050456570616	4.659500704761309	4.4657295270709705	3.8190481972812287	4.677907613098098	6.719607856760679	3.865979807715261	0.0	5.844750530919334	3.6444400500277094	5.074868879668706	4.94113135967424	4.982845453260995	4.978914740433003	3.3934286376856155	4.812732419367002	2.537077160260522	4.271976447103736	4.959917602615922	2.295371087795826	6.970293192306426	1.5277256161285937	5.338845268124645	6.430719307401735	3.9563837853538253	8.226486013994247	3.950120376757899	2.920380958324335	3.203376604618327	5.463465619598844	6.028462861579173	5.831527771504055	8.098397079101337	1.9039558094197377	3.7110434518716167	3.406961336755969	3.7944038980505765	3.2045421336626516	7.569411139332369	7.721102708193754	3.850374225825415	3.9202912488317976	2.5324997080472733	5.877705652489182	2.7839029430335755	3.8688793286260394	5.325254486037098	1.0576486509578273	3.2439250992490343	5.114834856818668	12.508966177965133	4.505929280650118	9.4488379862062	4.888630655130238	5.699206379791356	7.343472295519324	4.497595983135254	5.620211915354655	8.859681009906124	3.342390582439887	4.770407859931371	6.64874617050669	6.356582036713394	4.108609708095302	4.809258143611632	2.8423539160566724	7.4319657731372475	5.88362295988178	5.334454643354608	2.9511291167723783	7.080849320667641	2.272117686445684	3.405638733643962	3.9085030433236305	2.259821563873919	3.7323666391885024	4.923244904053626	3.0325875162557963	6.7238976176675465	9.453009532743623	5.747928571636247	9.549389253364632	7.790887822245981	6.326078229131799	6.667502441359449	5.202879890869464	5.832157469190751	6.948173780832189	3.6551083722881383	4.831229632484595	6.258566700652409	6.490574945435705	1.9741003596434945	4.131064450981423	4.538691826272858	6.9521988612743	4.755146477321478	6.152135530284316	5.109184957770755	5.509196525063282	7.741223341585022	5.00389659696298	3.1776899757317607	5.8349622396430725	4.215666407489988	5.718571259368351	3.1439779839129365	2.952829309544368	5.007579058003785	4.2787469012710355	3.901061627927103	6.005689922430725	3.9451202917177546	2.929625317481564	7.154298647599451	3.5649939054335595	3.962922632096775	5.859997185322807	4.549431859999549	4.631841291369866	5.809394727712428	2.8748683303390714	4.137396396340293	7.713505103834119	3.089271092969679	1.2618460877719349	5.836008677038261	4.5449669035705815	2.692778939049923	2.9951259384048985	5.998842509479481	2.6802923334957565	4.886003748428725	4.8604653697161	1.5086643163509301	9.361804588990353	5.566366120486002	4.951115561557888	6.461597190193629	5.368573105318943	2.8228777556460214	4.815432271833953	8.443929793089747	4.978075032056368	6.642386918135149	2.839594055934353	6.617682662319469	8.312337063478667	8.993530570594702	5.424702109632515	9.651549856527959	3.270645365580839	6.837672894444353	5.902809928831911	5.694445615590046	3.6198036736228842	5.815065236464723	9.339421015500225	4.534221411843613	4.083178072504371	4.761994634564372	3.931137122986162	5.066277124401517	6.0875599278210855	5.238111517571338	4.491608019701189	3.5772525806171487	12.020283445460896	2.5299533598225183	4.884588219672132	6.8039462413041285	4.960467750159566	5.201719704480032	3.9251143852121064	3.080066387299078	7.830541984395235	5.0056255694069804	5.85784754147862	1.3325306239983776	2.7003803849809644	2.5360939793538257	5.659987211262506	3.511933070432066	11.752623341580236	3.1282544565413812	7.119852662957911	1.6820915963746563	3.029529995540009	6.134502780156123	5.8986380077926315	3.214891522464848	3.703158974026233	2.9802970434292586	6.168722643543698	4.393918691878185	3.9883832298628494	5.42247713241233	7.4344618406433804	1.7501371460638855	6.257203543770781	6.160123164334189	2.618094978437911	3.757875176969733	5.031463921223225	2.779109619005601	7.867299461520642	6.072199395057853	4.90381724784004	6.487160122936094	3.9275690387765905	4.897855187669836	6.675383843264021	1.9853594438687479	2.0356413338734343	3.8441479500473816	2.657692441027287	5.683885970219012	3.1113926020168634	3.7151731640612606	5.692038588351229	6.860085331346148	4.2631698004033325	4.593067883223248	9.010075856762267	4.294706531320473	3.9432911242165853	7.541805169706435	3.6802816155247404	5.463901003414192	2.6769087737064945	5.87745314830862	1.7103320089965277	1.5575369121482394	8.154438874495847	5.738869482011829	6.853053380990764	2.907696442219345	2.236220947469588	7.56012544345977	2.9752321069012924	6.452095865112782	3.6945211270143434	6.66023504806447	5.134632955095038	3.8390701307373214	7.445137222426836	5.936007373185368	5.163181825674425	11.50769570623754	5.880295448081871	10.384804450364742	5.738198097718012	8.01490832056756	5.190304324221337	1.9513767079019384	6.740243138337297	6.983173658816456	3.90072170378674	5.1587113698026945	7.958391589313578	3.793730669719913	4.484961534827218	2.92005087768393	7.035305659815167	11.291837446596121	9.629202043302847	6.767516567879016	11.205617360846402	1.6852159070139925	2.2720460676674126	6.9637420105960945	2.03969740268499	6.648685549283258	6.54209747357532	3.135832138897806	2.8921685854449586	4.567876199926233	0.9632413726294109	4.940117132647448	4.757797372652724	0.9933137984321565	7.040779598611593	5.588031917111415	4.905285198006822	5.1858409576102895	4.381284636088611	1.9981284460272108	6.2170613861667965	4.641612616729907	2.4363134944946774	2.9859865036703312	6.165566926655273	7.532849380586271	4.486801793726949	7.715214159709808	6.181779343852718	2.029500120115289	4.821865167350659	3.7525863096261207	5.999195198110919	3.9262547583163703	6.075263910759661	5.997292771977184	6.4520907919536565	5.098968808766432	7.185407020878101	4.53476215112457	5.528899574538275	3.9611194121288666	6.854214360579664	5.082250779326244	1.6861605808704125	8.296437073123	5.228407405644291	3.7721051348932266	2.637388693465496	8.606409872571286	8.316908328105578	4.019717090353071	4.074336288761098	5.199995750214581	5.9474582432325676	6.927573295440524	3.155570964397684	7.4130840960451785	7.868766030734739	3.8631201040503327	1.5794124060581756	6.061118338840536	8.861108218789122	3.3716544992747703	5.869420029706667	6.525387473370845	4.138391014189351	3.98984020433017	4.610604564174494	10.013745533370177	1.2704554444250826	6.604663457020674	4.839575308320756	6.992710007857438	2.0277722054629064	4.455452968164996	5.871485341657204	0.7075026063218905	5.202481165539559	6.154469781723525	4.215431540181467	2.547524476890557	6.299093639613759	4.077119046530469	3.934267273992383	5.3346077830051115	4.781721422064006	3.5877948582840715	3.0761342909246	4.070994048007762	5.014231429525076	6.136361311263564	4.859387069824688	7.332028276173035	4.409747868844159	3.03789399294572	5.879294871130239	8.340470360583492	4.204719331087325	2.7649516630091147	2.6861373318933777	4.5588403580579255	10.273264135389264	3.814223061099815	3.9586264640749764	4.78632375972623	2.7306528695751346	6.790451676792195	2.9605879805575688	3.077082777964679	5.676072007139147	2.8883888448661756	2.972793087481261	4.964172530673853	8.127693091073361	2.9457989533575004	6.558878983588319	10.479882829792986	4.480742778992591	4.179756083114503	4.871733757733319	5.900356178395195	4.1750581173700905	3.4787012498641126	7.104330264109578	5.65627248512482	3.868758547719365	5.804700586517752	5.892883612053942	2.926060082615113	4.367932008530307	5.95532210475927	4.724518885790962	4.646402634123585	4.8571306228060305	3.781089511446847	3.8836850763858637	5.884861901058723	5.048413126992764	4.061147053760696	2.6466658426207563	5.005535340419707	5.176643733311162	5.826538791732846	7.218933343112144	3.766970108504893	4.188418942858786	5.642640816446008	3.184735848438415	1.894320965849947	3.724062126055632	8.813280884439187	5.6870697799088505	3.6724835681018457	3.9321455293128165	10.709999508413468	3.1517701518504246	7.271329005240598	4.564963231327691	2.082843869163474	4.927996352829404	8.006989520888185	5.248896746687906	7.007938692455378	0.9701535786658437	6.676407534942549	3.4577491298101934	7.430341853444665	7.376272093741907	5.074513349389755	5.245531361321122	3.8858095311062733	5.935528813683222	5.494156410504108	3.317311657437366	5.509497296390741	12.745598495634708	7.30872387078049	4.959259841085109	4.830983410069366	1.9053247146750933	5.934179161443056	2.9372945683346705	4.567453246371704	6.822346953147514	5.87730306685966	3.0969785941114325	3.2555584025589215	3.9038933861032348	8.118112091712794	9.869597703350713	7.7588039362443215	6.813950675992881	4.665798424758676	4.869436156673572	6.825258989173844	7.230574077063587	4.854196710737424	7.849118173574335	5.517164567598601	6.527683779014569	5.356473842783597	5.694478578157503	3.8939850564650005	5.049097303041012	5.2988704847616726	5.090380337970283	6.167061743766237	3.679146306184717	4.839099086017902	5.692570158228045	6.071788334151047	5.646298665690948	4.673178400246018	7.501731280269293	4.780790204083288	3.088221947422877	5.492859887139716	2.9009674145247586	1.9911626782033733	4.024653518698223	3.8913665470613763	1.5661826937729422	4.515441745782184	6.890442940094795	3.8998112160991982	3.9029625446118237	2.7483181201068194	5.485301027678684	8.145265618745233	5.960627511009284	1.157613413963588	0.9731953194553385	7.232561939092527	2.8912907172799702	5.800036338053438	3.0250240819668828	1.2461129030646823	6.2320905919741145	6.357371243081761	4.725329752792205	3.9629779282087525	2.920364369269452	4.668323937935429	7.575863831901374	7.3119838667656385	4.456755827204476	4.505544738512347	3.7481006085310176	3.9026041534927485	3.1588871358781403	2.979960675083035	3.0781201092707757	6.910400170616748	5.594576672284199	4.884506821245507	4.882474284751203	3.2027763333695756	3.7489490241769317	4.308991109806544	7.688076957022894	5.37790599023364	3.9176279118844963	3.4589822818265947	4.597052570965041	5.2320614830438075	6.83423071166909	4.063692970102695	5.879178999077905	7.178870826503472	2.4563685326348894	3.5448412862984044	3.723770994190856	3.4854265296161295	2.9595547522215266	4.547579867976304	6.758336228502575	6.107736887088804	5.527954638835946	2.557568648270962	1.9917221692459197	4.174372294944177	1.9819820806417996	8.830925061723436	2.8709995024261032	4.777444471446949	6.042829092797115	6.999736063526139	6.850456249812654	5.800270891400366	7.919542019417964	3.918278448274167	6.868184232191013	4.5754767988840594	4.230027970224358	4.541869266714664	7.369403413070431	3.9710854653163006	3.0609012609397426	5.785866763933932	6.05939733432961	4.669399435887325	2.6338895412758085	6.733350411440802	5.448631671685083	4.919029256985048	6.98543311907449	8.334011658197095	5.80819455537115	5.451275914007358	6.033564804276435	3.0221553008614146	4.15095595916082	7.467856189875718	5.862200906428205	1.711949278035935	6.98487908575074	4.747394167019505	6.042834809309594	7.092729503753265	3.331770895061996	4.7676869238311514	5.088793538428076	2.769971031540794	6.636024856531976	6.7984780032762275	4.446648726977633	5.146320519436453	10.59107037558459	6.491298619882825	2.7726832347779107	4.2944156598191725	2.838068532354498	6.251858801864339	1.9551932848974167	3.421257288425464	4.142820816610773	8.054262065649306	4.809802329164787	5.835699389008002	6.287181887134121	8.288995260986129	6.647438313938673	6.815741560318449	2.347334884637137	4.507301151810568	3.1606730865217894	3.568148890363073	7.645404727818989	7.827022204869774	4.8730468675205225	0.9877895568534771	9.1380771914441	5.523449809698161	3.7849349801441288	3.880286853945143	3.960563386970061	4.932169762457498	6.752827181311778	4.957634005381504	2.9225099951468287	7.073363674944059	7.748763632772603	1.6448017561721915	2.113454116116939	4.587030956294832	4.373555659826242	4.927183861305737	5.357248661498681	4.508291784818226	4.941533132921958	13.719627691288341	5.861145380822179	7.760449493528956	2.740994826630974	5.40831405379962	6.8046361332804555	5.703189489797665	7.551993374366406	2.892170749712042	1.0231042879500831	5.619413577412766	10.034463238208291	10.01298778369571	7.912907881193423	5.243330963466592	5.2351514815387965	7.07934593629851	1.9159484173802206	8.415573941637692	2.686968040175377	10.476287357786221	9.506859781902072	3.1603494595586636	1.1469568795573712	4.596649998206026	4.014052998777944	3.1742922984963853	5.361992538394794	8.28681594874437	5.920032306201331	7.344128067259341	4.986400856025348	5.9584698758812955	4.326434852182229	6.678194798572702	6.336873343498055	8.670330210645497	7.901002932383149	7.739107920143369	6.7947896777354195	8.651353177631444	4.996415053797677	2.3691648732183386	5.368197418759033	4.860073715558787	4.66466443595057	5.392640250414674	2.937289879731201	7.689227026810582	4.728999769031762	2.1284265450264686	2.6490735407656505	5.669725678146063	5.005487539377457	4.902837894781456	4.728926207557862	3.3411518372313065	7.270345949933988	3.6594625380432166	1.505715537021948	7.9701963152480575	5.182341239806004	3.8496877647799863	4.942843445749747	9.21994428256232	3.897222532905267	6.738393368069349	0.0	3.0020213738423025	5.879884406966693	10.074974267511525	2.682638724571829	7.798802299610878	1.902873946447966	8.14005457229535	3.528557385599466	10.87116702889983	4.489039378412202	4.788567854069481	5.173886886049852	3.720158377305452	5.18887972723612	4.013959508384228	3.639782038967985	6.348376301777226	3.170394589466176	2.4308607197968386	6.515670111949638	4.412495594930197	2.9772843720272957	6.998941712172687	4.3922938143482755	5.445534785391173	4.928067033523887	6.402350818636036	4.9638261309925955	3.2315994625844153	3.7912702691440456	6.592152920681567	6.068060707726721	3.031102256782605	9.359672200757181	5.439368470722375	3.431589280917505	6.861115123233638	5.886887697094965	3.0649332093604604	5.724214611087949	7.0046917313563535	6.0811156871629155	5.5801897466684105	5.426684866179006	9.32069691741278	8.968812103317674	4.551723464782826	4.770388876798642	0.0	7.06073316663161	4.858796487882155	3.5538208076263405	7.512352753261252	5.62894690305434	5.0554281252621625	6.270976431640241	5.928494430844335	3.935317275783858	3.1320980819625066	8.81085060896897	5.832106580885772	2.4712851724215756	5.368739049041183	2.9681704387519643	3.8385718639070943	2.002161962480758	5.166108213680055	5.727128386767708	3.654698533556077	5.901882164605963	4.740908220687989	5.335243719311654	7.155390790919283	3.550172333862633	6.049482700095282	1.6199787242561292	3.0560167593787897	6.820512677538942	4.891708746191914	4.700363707853111	2.1674845160956724	4.050319960093829	6.228203449254854	4.382060584079116	3.901528467833025	5.127820110424337	5.8300913727902035	4.016607091815741	3.299443295958888	5.825424069648149	4.3581889945234344	4.0726193462952	2.389855494358949	1.5407656479931833	2.676670038570162	4.604222865579456	4.8465014694711535	6.665182760937339	4.741228882039567	3.962296638544738	3.1713162226625244	6.740110880461027	3.5647634417361487	5.834316607463106	2.750435403020856	6.202899028314125	4.536330373378189	3.9269872545041555	3.954720558208876	8.529435061296866	5.238121295355043	1.9786234074866933	8.432901025009642	7.870777516195961	2.812438624447199	7.9874584644238	3.5535529170137887	4.357130029354448	5.8423725165462566	9.180016512921922	4.0363574484219535	5.339064090595258	4.585859177685617	6.749012288875436	3.051214578046478	5.682935075887234	10.642889688290285	4.343397811619724	7.404442906948069	9.873230551988108	2.603570640667727	3.07105254456302	3.2695957421021924	3.8003703131496644	5.476167528335182	5.556533107269155	6.6178955204609755	9.712153768182484	7.625892589341417	5.905674659035984	3.9845057112928277	6.234311238578146	5.1703794034541595	4.712741628973304	7.455193584483086	4.664732844231696	3.5592187606950056	7.279692436064341	1.3638455618078853	3.784551751242842	2.5852991620360473	6.905637189203073	5.19998411099937	5.07046831612828	2.5023371370324816	3.864306007919405	8.570708362736406	8.699735324356716	3.9319830755937106	6.565375213869635	7.221013688173734	1.970963567927782	3.9168964714417727	8.04081847455423	4.988688801706696	6.419901124642903	3.146702840909588	7.478048440008016	7.241652616275836	7.411041240252612	7.945601504729963	1.541303979749868	3.189894186759673	5.978052986162457	5.314580177989064	4.687832758395945	4.753580157629697	5.553647751087156	5.633618066776187	3.1126324740731253	7.888970346798537	3.4210929854233427	7.791323383587632	8.920909488918085	2.9780370231772686	3.9285989756765214	7.360935439215577	7.606571439622289	5.73351644157453	2.7010091308927597	6.126038191373807	7.427064093824744	4.60247851480277	4.299949988187558	7.444441576876376	5.73837059087891	3.97678697334052	4.6657190806074835	4.8827682994389505	8.916837476589189	1.996871799279361	5.939467279897835	4.811077245432514	3.2552899128288075	1.966357905637108	5.668962432979891	6.0440349798882504	5.466499644616152	6.687544237823576	3.9979676556376442	2.4882283406908012	4.654704621993314	1.9663311624468942	10.752286564656679	4.179708704982064	2.704222438762988	5.313870011920406	5.487894832586876	2.986488471963657	7.602311278736614	6.277213346177606	6.886746207146727	5.630091137255711	3.5138501991509528	7.176363600069488	5.530411811708872	1.5756159634685094	4.405005358681196	5.947480705123922	5.21292410506236	4.004518644702978	3.28132443131246	6.366817003413662	1.9357973195094915	6.976803565467248	5.983921303831289	2.521057200287266	2.467354453611577	3.8812826726336644	4.546543924423646	5.834635745298637	4.541726188515061	5.952346732632366	0.6072395714665517	5.275817590453941	6.319192876851886	7.633714980986098	4.925084088969919	9.767304164865957	3.5732102615274313	3.503833420068703	5.1695872530248055	5.730436148811645	7.721406159580649	5.358072351472377	3.5867718927316576	4.5878466070884905	5.050435372625184	3.5105236497766126	5.275362129086804	3.825026447834983	5.914907766220838	4.740284777333414	5.034356851806472	6.536452330688183	3.5016497127706305	4.036095056436189	6.2612081851587185	6.539348550460611	3.0999942770302713	4.828503223814137	5.192386807571161	4.385031033876378	2.016463883832143	4.02856937123524	1.7899842044577	6.030759928043921	3.8737523608203706	4.853468755472607	4.937802122685757	8.252956636691382	4.418032511873689	5.084292325059841	5.625599928627371	3.901323920929749	10.281981419250624	3.9967356438599855	8.682722524600376	10.697340805154209	3.8644478118871244	4.0129327728335635	3.8986265056040454	6.243181910223445	5.471597902920832	6.618245114995703	8.261962222424872	5.357842230152146	4.082339631040433	3.5369798466914197	4.467387872066091	6.0005851356683175	3.5315523555906627	8.527491107893889	5.731079169347757	6.229267713157424	5.394307270423917	8.829951237247169	4.17667043147413	6.696061924968111	6.6573574536401985	1.9502406979124383	7.5295667547020155	3.3391755422126206	2.2702537358170454	5.465348209002492	5.766158691331007	5.33716874623738	7.783326932968125	0.640953769485689	7.2050129872761985	4.718348003426581	2.936245711593819	4.774873006587194	4.931606373453898	4.172128398598807	2.4027404414703084	6.710309296618699	2.148855160128635	5.0566617392844995	3.049082055308181	4.683892311653524	3.959107393132672	2.1864418898442572	3.7245842363834143	1.9525662175890257	5.532398828965641	5.4579896912284696	1.986003884538382	1.5180837882416074	6.468347089446231	5.627106149864375	7.215869690001256	4.663666138012113	5.748601274614966	7.669550314716793	8.118523662554255	3.890227181000269	3.107405096803442	5.668843121707911	2.2939234412552962	5.446497144260518	5.96034624008218	1.953611937878269	1.5770698457238168	5.492927102359234	6.256601240523336	3.132015061948067	5.201799629612249	3.4761355761677146	6.362910166410201	3.8403959469326012	6.214856660151362	5.735384955884606	2.5602613167503154	5.485160485253328	4.92167517037381	7.383709596282813	2.743660846418541	4.787939423177864	2.941380235032162	2.178517191675836	3.959954713279317	2.6829386022614634	6.554578240940555	6.199125391365494	5.554435089846602	8.03770240406837	3.702555062236718	6.574378993806107	7.310323567256158	4.693123244300262	5.867974858525618	3.2893934380367793	6.790344289251342	5.362868718802538	5.975689398119753	2.7738351743563654	3.8130965363497746	3.917945067053518	2.7536209724550256	2.689133415945853	6.893933917281769	2.7642470481378814	3.4130398493936056	3.6574818833568665	7.276791982124501	1.936618932575513	4.4472635301954515	5.817331086065283	5.050520992000111	2.608586799185807	3.7262289151342833	3.256800818186406	3.2773217088255433	0.9723040543162649	5.404503479731862	9.172314632068096	4.8613043894110035	6.527674294617944	5.005072505184119	4.6823584111178596	5.898469480207342	5.674357348690375	5.611412673238264	4.482561871594877	4.388575439285926	8.23674391460683	6.295141624371663	4.667661564470599	3.3630402937061366	3.825919101315432	4.05465017485936	3.8704838280525777	9.126823229969004	7.58156905144108	4.966215900688238	4.121893044732365	3.6718887966677136	5.751354567949078	3.2170865961036568	2.9649715530358076	6.409863514212189	6.9375423205046545	5.23534580814268	3.7647509708865305	5.227380871745522	3.392582927863213	5.9317641010027	4.629467240020208	10.14627757598072	4.96953996645325	8.715328080890291	6.8518637577921275	4.432645892204467	2.8348934673921526	6.560020688000252	8.836204405673444	3.328305044980425	2.8720837835284523	4.084267225817307	8.800494962530168	4.533286601493553	3.710929892067777	8.50991354502226	5.274058567051545	10.796645550274748	0.0	4.8781976404706295	7.5339116537399375	5.0429670604718675	5.938861487010333	2.96136111116583	3.317218902109748	7.039434564940264	5.121356892105639	5.8470742994633245	5.925741306703435	7.5727330257027825	2.7049958299853345	4.963633593523343	2.074950757741043	5.901526278334796	5.860761835363129	4.90105066470891	4.701182388279401	5.075173017332979	4.979606893976204	2.9505302602613397	2.513423683531852	5.981487884132844	4.522693167359888	6.708096089654878	4.171789987338085	1.5819225263210788	1.943240652037835	4.685072351279795	3.7945183141728576	4.4096961535343935	2.461648492613163	2.9371539827516666	7.832494294935348	7.649080667108069	5.922889972755795	2.1219291775653755	3.852415207752754	3.66799219220553	3.4290322811580505	3.2792505778251617	6.456483505345573	5.298331809908783	3.013037058444783	2.962541093116009	5.130820593299426	3.780582077100424	5.39526341409828	1.1790566307624102	4.863670371557368	4.102763461841164	5.18544711853099	3.9230103488271912	6.831108300837764	9.331626606859638	1.5988228642684923	5.040376690660124	6.299664910272588	3.23411074179138	3.076001359448488	5.577011495794368	6.407839683395529	2.5177110861968073	9.530741267739334	3.1230224554924537	3.9041746984446597	2.980065104622928	3.9207522744550425	3.241068273402082	7.288855414293947	3.371731767470788	8.791983654781568	5.980521683246423	4.868103343591881	8.595862760025545	2.1401115333144527	5.294001673746096	3.1146382932216117	8.654622162809861	4.414870653876922	1.9921380704967784	10.349937101985772	6.242276348352843	7.207254576850773	5.844607285281324	4.428635186199796	9.686088080628997	9.685779180957805	3.8553655918114633	6.614493862379923	3.9351768161575413	8.078611184037776	3.098564479052371	7.371063136823155	5.33835325273684	6.284230226483115	6.345856051496395	1.525153212399281	5.797191459091926	7.652142746946276	4.27151834694715	5.762568784102412	5.317354070452372	8.14008130058517	6.733946023451954	4.071481451907862	5.702029202142441	3.17558871096707	6.0015231663758035	2.1351063528167087	7.563990633703622	4.903083851671759	3.9457729832467185	11.307147360739005	2.111358182236045	8.110369430205232	1.6280958545513633	6.017164224660341	3.3218232419842972	2.770705011977242	3.2074326823380344	12.388882278515027	6.569109075268359	4.293012866630299	5.352033093646415	8.456812168038338	3.717229321910105	3.4458160898391075	5.264235245018956	7.0573355628538	6.404286532407522	5.726569624135293	4.409912758753254	4.00324344804859	7.624009693950409	6.729575627981246	4.095855045522103	7.734672589431598	3.982081080465354	3.794134878737508	5.7204828707127575	6.023749442125509	2.574668534604518	5.231266317144742	7.328561674370271	5.0833700662496835	2.274471481786977	4.003747697015827	5.998601234944498	5.267351142585626	3.923373172381755	6.532535519387934	5.129969720108417	12.849104863702623	4.924562605336291	3.9176820355357735	2.606970193745978	3.1365923808389464	3.9689369275219017	9.68251371626056	6.879253437356201	2.94792562670306	6.78359452678001	1.950703104843755	3.964562575850719	3.976597251382075	5.094022885510966	5.1837026020302455	5.481459298534249	3.919668731762214	4.5320599830884225	3.524375637420329	5.220578807758865	5.6512013081640795	4.927514638255902	7.954075147714941	6.712369179195878	5.8490254576289615	7.866384644102724	4.739586968122988	6.157653293556587	3.9636742962232008	6.224515969183243	5.335770269008128	4.244931385536172	4.090708229538705	7.186458469400152	7.0982159316890385	4.3900022471584075	2.673855573140754	4.4885938183538645	5.014589096379264	3.640707371705055	2.923541963276259	5.0523687412428355	4.015219117491653	8.416899432150002	3.855131118433343	4.415796424588194	3.366728539107761	3.643257199163856	4.325444565247399	6.829430924040884	5.62205681981759	2.2054186081487748	4.7061526957845325	4.120426617162762	2.567968277387149	6.74559378586822	2.601652718391516	7.705708868960129	7.808120526199039	6.984857246652378	6.120684718418736	6.34326299498194	8.74980247055309	4.8964379376526965	5.425061224378424	8.61399290621946	4.95598173188307	4.645329250739928	3.8570454446593305	5.744031692581711	2.917416575383121	2.5212072336526554	6.530769452360229	5.96654201889202	6.844809352899143	2.916194010202481	6.987160963438965	1.7113537775335983	5.306485267069971	7.499045349364852	3.4718369607127717	4.1435708953999155	2.9306547625178885	7.577976227811863	6.064119532982692	6.275679111323052	4.997662168248872	5.288196171144022	3.652418327863562	6.782752145237079	4.975923820724183	6.282101511272951	6.059149152854113	5.608190122394359	3.9195001005658883	5.530884772182905	6.799356817430858	7.212173522132527	4.412910244488358	3.5044125407455087	2.4708625118600724	7.41494865183629	4.878301191023156	4.892525603977657	4.730746938848024	5.007997592426577	5.716481447326826	6.631944437750404	7.148367375077212	3.9089356091337994	5.829007561618642	4.977396229860853	11.331126616117306	5.989171172584416	5.92295089623853	7.142464589643258	3.970424058273714	3.8047738628438923	4.819786160104716	6.661948206432444	6.704121132029119	4.125694681945091	3.7752080354751683	3.8987315927952024	5.9255912332183005	5.298914324392344	4.363298494472337	4.751059115377581	6.442614964710121	5.026041548597041	4.878485036998372	7.2487901881143255	8.806092315589837	4.147299732028243	3.597883827019434	8.98532086920502	5.50433417805302	7.115255762175384	4.425442861189148	2.6908944471727687	5.023132330154686	9.25161382685118	4.643297991588935	4.800499067400961	6.524263461138929	7.516830718809253	3.5206916980462983	0.9763880842946346	5.849325525886785	7.6033199979555866	5.428875447992506	6.15776789867607	5.9767167649710045	0.5363258573016142	5.899033170648715	3.886777707852518	2.198992821664315	5.697331616919438	3.883040440954866	4.299310187282913	4.738516731061395	4.970515064526944	9.421174489403656	3.0944853876426577	6.760766318559463	5.717475384040405	3.899423079103331	3.886791159451854	6.478129926148989	6.748389777202353	4.008084378359008	3.9557246233232504	1.7687636290692283	3.024450927712193	4.723135775276294	4.700906029173783	4.881889965110364	3.7081656200473088	4.145949051193114	8.585339897036588	8.583016860434354	3.9395337722337804	6.95997330906589	4.794373353384326	4.598960978662894	2.7786675588623284	4.969819956972657	3.476702628938026	12.357205916741847	2.934498970758785	3.9123730569147535	4.941526460079765	6.205125993474816	5.719685179440735	13.456236983280077	3.2404536797681693	9.984985844012204	7.675388972222734	5.831197281331584	5.715996399080823	4.914928956233742	4.783940690636949	5.930280232677485	4.726984776107241	4.385387286362338	4.791632357561518	6.219898203883598	8.139953865778917	5.9351857521563485	4.705821403006733	4.254736688838901	7.887271386209144	3.3664770104331745	4.574554174816646	4.914039839948094	3.9551434311183495	1.0724533314601234	3.5513415873647913	5.186612844172379	3.8216305642242	5.636005787726605	4.643423711047201	1.9323237124243604	5.809793197747921	5.835228893420404	4.787034696471493	3.235029654622254	5.228449737638366	7.45105309357355	2.9572074440289176	3.0760672897033734	3.7780088586731755	6.0604872079528755	5.766058410523055	2.335971936181446	2.2225868828714543	4.799774707027859	6.025374576944781	3.3205247845970773	8.972186594999972	1.699681793235451	4.2354530525574665	8.303765427899442	4.871794124771487	5.611642176578047	5.177680480456854	3.9089081778958525	4.166272699197195	2.4952256303171305	3.8964657776437317	3.1252147819892824	3.93188564971455	7.000845746579827	14.882801785952893	3.9576268006987707	4.191246419651541	5.750636858781704	2.460848627044461	5.997872163827828	7.771636714024442	2.416193025114798	6.828019062226599	7.344717646625134	4.082721423786715	6.024616850543504	3.6922668763104833	9.06640426945393	10.56433965678929	9.798899787078277	3.9225038474230267	8.256132443446793	7.554995250167156	3.9935953715610855	15.895541934815933	4.948587094818501	5.271151936319519	7.803336441319406	5.879494898276855	5.542069491145391	0.977573105211567	2.433247395006496	3.2915789577685843	5.737706213560064	7.040313135818467	7.426288006418147	8.893337048829379	3.907714692532853	4.645950148748122	4.186398911993245	4.27624085828146	0.6150775782329514	7.5166336793747766	3.4046862639674798	7.080762096713402	4.141459213119292	5.292693027251259	5.7353371265094255	4.577882326185818	4.825241181521417	3.848835384105903	5.933495055522169	4.24018536091089	5.449150723171743	4.23078179398856	4.634035569247261	5.752770354351547	7.327932687966952	7.581300854285957	4.234264670065675	6.880526555247252	3.2201573350861312	5.810651512702497	4.38200032669175	4.416926713351784	3.9068248777708225	3.2062795623731772	5.73851554273758	2.424338382995802	4.771906641466863	2.990696299349454	3.1333811286443694	4.349193210562899	6.246999526908524	4.758884824566129	4.4069991965629	7.781266418320202	4.81700235340479	2.4999696166699965	5.328764339563568	2.7342214345574782	6.015469636440154	4.288695572672361	4.839019361013865	3.8959287412321664	4.9433633064236995	6.777080407134338	6.829876634623809	3.8194155030051293	5.873642233878395	7.017331462402142	3.6901812051393295	3.2265062304316046	3.887387716329143	5.049177853525314	3.426610451107471	3.7491990303736933	8.397139174496829	7.398461489858145	4.706954715045088	3.9447140277746926	0.0	2.9101536992406003	5.532979884145408	5.241088426564105	5.739526314740153	4.987399294074902	2.957483118682399	0.8211439073993756	6.451427458109814	5.325831975419409	2.85847867589498	6.565091254958043	5.384321385812459	10.859489948803295	3.892263750283491	4.783493994768668	4.161702720954721	4.207311762125692	2.9416091475007775	4.221809100580271	12.595136677921271	4.59446015727319	4.371110699365667	5.569744558353202	3.170347411860869	5.86156114992351	2.951815910896649	2.018774786672098	6.621604119632166	7.453067288369953	8.247528045661781	6.451146168293701	6.890149881930446	9.675348755413854	11.792945890661843	2.9250120209490476	6.03782432440424	8.472534418977899	9.018426391187495	6.034516210746001	2.920209630959891	5.608777855880843	3.1671185956023478	5.813831355940126	3.6679675965018217	6.325496504200247	8.567065288065574	9.323375911855974	2.43990935618168	2.127792777538092	6.002195430090642	9.245257363106179	5.948230609940104	5.38959568602738	9.800486786997128	3.3306953986974484	5.603599105867177	5.890503554414631	5.006204390542164	2.9518350694959845	3.011878169924789	7.371385593974417	6.215830021529871	1.9992029263341984	3.9590763647800333	7.253164304894713	6.793398572890724	6.477388063118751	3.5559127517594535	4.005989536003273	5.885463806064377	3.9064860741001803	2.9940653871348673	3.070943910888793	2.793161877979491	6.542749893687879	1.3229514672685847	5.358030994010583	6.94690632736867	7.6375902239884255	6.114650710026256	6.203291735920165	4.713745709903477	4.897319353699446	8.256651875470268	5.212716256102931	7.240758725788706	4.902139880514793	4.099084730603251	3.3465371484615405	7.176490176234904	3.5622942906022512	3.926118369012456	3.9527152206337837	5.617692591694591	2.834205588611818	2.975348627336609	6.095772771201981	3.2841119796759237	3.009054103367795	4.7103846721691225	3.230433587059156	6.476058245108029	5.624840231824886	7.647084422751413	4.056471825961008	5.8634706784640365	5.146805866866457	2.748264016603672	2.7718445034304042	7.541049424817723	4.858468974620718	2.752599506585683	7.212478079671596	6.1957191479033105	3.148671616560954	4.581962222043814	6.398379816697718	4.159482881879229	6.935393529413451	9.745903502067188	5.630768532785682	3.094483609966176	6.4236774052475925	3.9430521877969276	1.7835475294339673	3.0518791030220913	3.3906000489895023	3.8780486230783353	2.7807321219005163	6.017563519223359	3.995215805129165	7.761107453841503	6.87943042956085	6.804014428039238	7.146362638107925	7.041694625911783	5.7699465023347765	7.703859273071593	4.563591570076135	6.856069895330315	5.322622694801867	6.271613085689742	12.741931988669467	5.9234508313901255	3.1976437408010705	0.9853774890376339	3.1521280220373495	3.0523518753150425	6.914407122228053	5.843961123782161	4.506880765399625	6.425350655193864	6.916560449498839	10.602270319309213	8.036610050854586	5.03751086383581	5.315947958001071	4.713899584427565	2.891810163923291	3.850599631514413	9.33820466069984	1.5838950902574245	6.108615708552997	7.420886832950521	3.503331838629171	3.5378968106428736	4.686661837777855
G14	6.516870745693648	11.402189492560197	6.5759260945660385	15.696657484421749	3.8867316966703718	9.907437395014764	10.841039961591154	3.184007796378067	6.793891532287028	6.0551762666085756	9.45189716556193	9.63058942762283	5.771684350367673	8.477579538818494	9.7764002239381	8.586927312532815	9.556047935845786	5.346206090563688	7.723739679136236	6.728776267906245	6.604150480786263	6.826161032094292	4.741299987597844	9.425682219746612	12.175225748435093	7.382408138205724	3.1107817620477767	6.627658843291322	10.097796093026805	4.933966446639	10.926044485225244	3.0606904354787874	9.812030095568046	12.131967268520109	8.323581034549603	5.389909687358721	7.086782256630534	7.514338756629841	4.908079297641155	7.063192580181317	7.298487338096593	7.144630128264993	8.217616605205693	9.760291828622796	6.533761405190529	7.043565327543544	6.141920874719373	7.977571026764392	9.67508989608725	8.632487844163261	8.562389123653647	8.560183012046021	7.6723515258322	10.562698533928378	6.721258755639578	7.562252606386466	7.697427074379869	5.348729706105203	10.249694366370258	7.412995897709657	9.038778264937896	5.9903135774488305	9.135048378937512	5.22643498192048	4.373306316449611	9.664518110988467	7.690453981561873	8.566723895937281	8.862032568059373	6.918879498125391	5.465318607931291	7.285794765508342	5.492000542693123	7.835808635709655	6.655879643689644	9.58802317638911	3.9381600866328275	9.771926085037359	3.78290889755906	3.3123613549154043	7.523664025008826	6.627289978043738	7.636131125612159	5.500412192202973	9.09698961633293	6.804971777362042	6.909484400300044	10.721653060810688	7.653207879857646	5.938157178696727	6.695140730895171	5.842289328773873	6.89370569909486	8.738187205688634	7.030045918230263	5.715485198602937	6.83637346780316	3.9694562564400555	7.597729832307	7.049811836153052	13.135092745889086	5.471533234745046	8.807793139115232	5.4235192471541405	11.241305545324778	10.947432960117954	6.40106223405587	7.860355167661676	4.516468986959864	5.979095563837351	7.429693123589355	6.260211247538147	13.344500147839216	5.769559053084608	7.785936965689712	6.76968270199027	9.485771092461007	13.735868632303628	5.093101464451743	6.485365802281108	8.283632602829273	7.438966201907393	6.512564112028377	7.123225269059955	10.435616191555093	7.662271911362317	3.4590590075547882	12.921301112038384	5.478570424625992	8.31573841580949	4.946516703203767	6.812251383933966	8.248351348555174	11.713660782499328	4.827322777469299	7.172692483078231	9.565105271340935	5.566128324204371	7.874443106821135	7.091674006003935	13.380945476709504	6.709744449297217	6.587735511296882	4.227834510908993	5.698569475377837	4.818338288232112	3.9076450473817115	4.772323864457903	4.762832823335477	7.681110162442354	5.536285837428638	7.814036776393989	13.358966451732677	10.506006784750786	8.326201308149198	7.937962860623978	3.9358608334174883	6.553859526765115	5.900245463928544	8.723230269745432	5.0031754557079235	8.794461657349876	9.122379560550042	9.09122945902557	8.367331467836348	10.916075627140241	3.795006317174071	6.414779927850916	5.835971363047186	9.775039353041771	4.700926311972427	4.689459179170835	6.053828113260488	7.160634229499448	6.2588137510385975	9.323481419178194	10.672578562349031	8.55003590110178	10.387185674895555	8.218164400468048	7.827037826044001	6.301703035849874	7.192144637637438	6.960930099131402	7.5620389883019135	6.0053302127013195	11.844883755782146	7.577816141226607	9.205115335063534	9.071851232613392	11.22073812443203	3.2399191307139037	4.633199090890917	8.61701736607394	7.449345363668529	8.658976395511276	9.54690462040976	10.780058593342686	3.719041696413836	10.10511773128182	12.232865255585256	6.422431286472479	7.116380884189618	10.527317417004042	5.026736929689746	8.1616718753251	6.197210127628939	3.942595789178227	3.904472278307284	9.557626593567518	6.972367860247962	7.706221807015147	9.22521295342331	7.991750317149007	9.696735701455193	8.588879533876781	6.602213075873616	4.924023624683577	6.799800674427048	7.874468686207851	5.9260395466633335	5.531384966310099	7.196293534825356	8.896056209909439	2.3639190230663787	9.677258689501642	9.572842282976337	8.699236265340245	7.354201927721405	3.8473054690548465	5.8054088338739085	7.271495447415047	8.307524830822345	9.757685541918491	4.5153690215559905	3.999700644405923	8.777022022182894	12.867430605975697	7.325245374245431	5.930970713450271	4.313106123019478	4.154035483798582	7.055831246362214	8.860648122832561	7.012748948318034	6.022353142158811	5.4847696570425875	5.552469439909425	6.263532251334164	5.3274607204331605	11.95411171259201	6.656005965611078	7.24573786872115	6.038511235942005	8.986746546740218	6.666432071764532	6.052880951419927	4.881832071021144	4.933471969987882	6.8123818283175925	7.187722712672777	7.6999025685168645	9.047530130661752	4.654738584809956	5.82661511140264	2.9389996609993023	8.903157616868315	8.972855227158526	5.533558838576268	5.199190486928507	7.857668064744094	4.972829313886807	7.833142149404093	7.855143700350995	7.6780186658912415	5.924938292429948	7.504293522944915	6.761318736965154	7.187639652484972	1.909020986884363	6.127762579378075	8.79245531272078	7.745606007780982	9.677137750216874	5.659605231377571	8.181582086579434	3.842863789568474	5.774467751788827	7.859269158028545	11.661357518654537	4.9990178825786735	9.281173424434385	3.6677333285297538	6.519359052672909	7.052166561764889	6.466522259593249	11.606282022349525	4.6453545083999686	4.977130923900556	7.649946620104141	5.871916846263991	7.329346320960105	4.294146344392448	8.281637655855489	11.125915393158923	10.25659091433967	7.191775460421501	4.876138426247463	9.835464169881412	3.495278715064984	8.343065161275074	10.75192170430385	5.398850844623161	6.380099573634988	5.126810468695277	6.738439224794539	6.786903348909892	9.973917372506037	8.020994561299123	2.9960272523881923	4.137738264150547	12.053287589785054	4.80718484491453	4.291604125522391	9.903393179418044	8.604558512122942	8.863161891999404	5.504026334538707	7.442579660995157	15.43606105461759	5.209802225194688	6.580988493983346	7.217878475117741	2.9998347008346387	2.9872077927608824	7.880825938564991	7.490815567050933	10.595913586087908	6.268540850947455	7.938339367566513	5.193302372967314	6.952641174303557	8.56944276927306	7.26283241410208	9.654563567010388	4.871294151453289	9.9929279699956	7.751242708095403	14.420894690017679	7.158121028018728	5.607154066286287	10.345828001413478	11.390275489883873	5.865053008669985	5.8405341268479285	9.991146531511017	7.910857336626096	4.126432519485791	7.048657691356046	7.900712948941726	4.982332887621889	5.7957163007214545	6.432804925945532	4.9016125838455356	8.880228552111072	7.879701334106247	8.224679253717209	7.749890658034165	5.053515835781632	5.640381189990323	6.457301845414301	12.581765952169352	3.471587075959749	9.7447790321506	0.9812056322808148	7.170761348823692	7.506037211838167	4.990706635163887	5.340757962248788	8.664422456684122	6.767272338859129	9.899002230047577	6.07240670717889	5.826331917174336	7.2223039491803736	8.49999073002076	5.022127263272513	10.573219021557112	5.10135961332463	7.249180991951744	8.878556518308919	6.488964401057451	10.915836390066223	6.92620664459544	4.447693287351077	8.692368337541746	4.95331393251736	9.994975152597307	6.032827435917812	7.086844119665059	8.06616734015024	5.75241669499813	7.0349894482752395	4.272416436452892	6.505955627487337	11.139037426997357	8.013766796336311	8.912088571464473	5.9164816539134	5.028948577517108	5.963973623369534	7.724775686709316	7.428689739503295	8.593531724411498	8.911126935602738	8.5424815649915	5.731192820268723	7.483124878625587	7.147225979902943	5.525540801916744	7.191036595793289	4.05038189454515	6.097805295126722	6.6301093810548295	6.9625473477760575	8.08416717213218	8.789948930657646	9.367081286472946	8.851949121932098	3.078378549139462	7.975925962960889	6.90908592348148	6.905517774055506	9.35058705379192	8.52914054060026	5.8416172673639775	3.1264761370536704	10.370751215881283	6.541384540702088	11.502598053383046	5.713906933288518	8.644307230984444	6.951350894339303	7.11335804696886	7.988241219017843	6.18276431640397	8.397134932516277	6.09492384400992	3.6862829614703694	6.795521951524239	8.372668590411566	9.239313410219497	8.948556203817741	8.879578066210264	5.963579551935155	4.945842090939788	7.109972608063282	6.1069451610675864	4.6563704713961656	3.3584729154095374	6.079002850370052	6.697701107080667	10.173812959239202	2.672712646713147	5.293960923339166	4.880216479553621	2.3228027660854047	6.546871322176259	7.98003203546528	7.44244030491552	3.256258035675674	8.703354516567915	3.0494038328359263	5.508471778899673	11.786782099041895	6.120248447140533	6.868725201056228	5.505114813903604	8.371762554700442	7.007385178016146	3.8670612583320247	6.93452336105666	4.890516566690536	12.424284363209708	5.125846121094837	7.6333563985155255	6.796893351520216	7.041106910718848	7.89266622933439	9.001921439307633	3.94155839895654	7.782972358242375	10.04698498898662	4.806307164696639	5.297194255253275	6.0229811037850745	11.588335685949202	7.9393717713414205	8.3575641466033	1.9461519915889998	8.848990390703669	6.853604538154618	6.146971293882857	5.672938550273665	6.258889117977256	6.506382545530147	8.64749452807964	6.381437048341097	6.736855075893806	5.090650478628528	5.504296275245852	10.752593035766076	7.476202123945048	7.531117613167767	6.838522538362005	11.50496407737541	10.551120474209984	5.34491849131186	7.82799954048529	7.113770088261396	4.908491587903609	4.750617090306634	5.896354697179745	2.9641289326887095	6.713383374012099	4.673930844551718	6.563366350125098	3.0469980905580445	8.32525293320177	10.071574867725955	4.666927735405253	7.927571497077697	2.9767458587357924	10.034553291136476	4.489230021135108	8.10127180076651	8.090012700093006	4.555975867326929	10.386614331658702	7.161659292986836	5.503625047062514	7.819801940691375	5.490304078445103	11.639362568724579	7.583353736476963	3.3123211095400995	6.911691237601082	10.036585592820199	5.359840746735828	5.272370381838793	7.918256737302652	10.387359390719077	6.568796631904261	4.6949896947222065	6.640214401488607	5.965792736181683	6.781922504233073	8.783143140277835	6.085235937878874	7.4835119945305575	5.87454603780764	6.680599396149759	4.399068150444871	9.122179212673165	5.696866941199861	7.591138599910024	7.863575269226262	6.016896241536773	8.024198436028053	8.543197509407124	8.771991349614014	6.533693804091334	8.962291996924604	5.405794399954799	5.640584877267342	6.67551506840677	4.659500704761309	10.047891435909683	3.0552385578249828	7.350997677725582	3.8397759181489595	7.731959615430522	6.85040405369525	8.182650743287066	6.074066750046183	10.149737759337413	6.917583903543936	7.751092927294882	4.978914740433003	9.049143033828308	6.951724605752337	3.551908024364731	6.407964670655605	5.951901123139107	9.181484351183304	11.61715532051071	6.110902464514375	7.118460357499527	6.430719307401735	9.890959463384563	11.164516733277909	4.937650470947374	6.8142222360901155	13.34740251924303	7.284620826131791	3.767789288486983	10.205173600132095	8.098397079101337	9.51977904709869	6.6798782133689105	5.45113813880955	6.8299270164910375	4.806813200493977	6.812470025399133	7.127171730640389	7.70074845165083	5.880436873247697	8.61049900736073	4.80903189749115	8.351708829100726	4.513692550063713	9.319195350564922	7.9323648821837045	11.029345337446717	9.590315356535001	4.169655392655045	8.010540943377988	6.299225324137468	6.844082917182334	8.23218699303196	4.895648197012883	8.995191966270507	6.869147896544578	6.133625314550394	8.021737397855729	10.600906355403048	9.06647205069094	10.594303394522322	4.793377992777852	9.618516287223263	7.390120181747348	10.81013203365418	7.844830613175707	6.9347910363609895	5.902258233544757	8.36827646987994	10.224529589005577	4.2570484170549525	12.702634890801798	5.272916982372478	6.718259950539304	6.892542865675076	6.570606285220892	8.557687877031423	6.302006355162416	3.831952381090831	7.002885452467397	11.253504632133085	6.326078229131799	5.000626831019587	5.853239877228146	7.776209958921	8.492212398794898	5.4826625584322075	11.594951117963028	6.258566700652409	6.490574945435705	3.948200719286989	11.212889224092434	9.077383652545716	6.9521988612743	5.943933096651848	4.921708424227453	7.152858940879057	6.197846090696192	3.870611670792511	10.00779319392596	9.533069927195282	5.8349622396430725	8.431332814979976	6.433392666789394	6.287955967825873	10.827040801662681	10.01515811600757	5.348433626588795	7.802123255854206	9.60910387588916	10.257312758466162	6.8357924074569825	7.154298647599451	5.602133279967022	5.944383948145163	6.697139640368921	4.043939431110711	7.940299356634055	7.261743409640536	8.624604991017215	10.047962676826424	10.284673471778824	7.723177732424198	5.678307394973706	5.1875632684784545	8.079941161903255	8.75153155191225	5.990251876809797	9.998070849132468	5.896643133690664	5.584004283918543	8.748837665488981	10.56065021445651	7.7097214262273495	4.329395871489113	6.601487415410517	3.524507558287434	9.39500293430815	7.762913828026559	3.8523458174671625	4.925625712635686	2.986845019233821	5.812088553368256	7.098985139835883	10.29417303027473	7.556670057707879	5.534480351135201	6.7808776370406445	8.909122944487347	3.270645365580839	5.470138315555483	8.854214893247867	11.388891231180091	7.2396073472457685	5.1689468768575315	7.641344467227456	8.312739255046624	7.6559588859456955	4.761994634564372	6.551895204976936	7.599415686602275	10.6532298736869	5.238111517571338	5.774924596758672	5.9620876343619145	5.609465607881751	7.589860079467555	7.9374558569672145	8.164735489564954	7.936748400255306	9.660336594034346	5.88767157781816	9.85621243935705	2.936453244148213	7.230348044698972	3.90523169431908	7.995183743990266	8.101141154942892	6.593844346319947	10.691086954606957	10.535799211296197	10.073677149925917	6.882159804391039	11.075326364601194	6.728366385498625	5.301677492195015	10.595959347542395	5.8986380077926315	7.501413552417979	6.348272526902114	9.934323478097529	7.5395498976645206	4.943158528362958	9.1163045254008	7.4559060570669535	3.3793008366560824	10.500822876383314	6.826040229568124	3.4222906468523275	5.236189956875822	6.263125294949555	8.05034227395716	7.642551452265402	6.293839569216513	8.83229002917506	7.005453211200058	11.352530215138163	10.800814856635624	8.816139337805705	8.15880247510047	7.279651294185409	6.106924001620302	5.491639928639117	9.567692787698233	7.815343209051141	7.7784815050421585	3.7151731640612606	8.538057882526845	7.5460938644807625	7.308291086405713	9.842288321192674	7.508396547301889	6.135295044743533	3.9432911242165853	9.804346720618366	8.41207226405655	7.28520133788559	7.495344566378184	7.4803949160291525	6.2712173663206014	7.787684560741196	8.969882761945433	5.738869482011829	8.961685190526385	8.723089326658036	15.653546632287116	6.930114989838122	4.958720178168821	12.904191730225564	8.866850704834425	5.449283221143657	9.75580261468057	4.935947310947984	8.685993426164643	8.574232872378865	5.808579553883728	3.2879130589250116	5.880295448081871	9.000163856982777	5.738198097718012	4.932251274195422	11.678184729498009	6.829818477656785	5.777351261431969	6.983173658816456	5.5724595768382	6.305091674203293	5.5096557156786305	6.828715205495843	8.409302877801034	5.2560915798310734	12.060523988254571	6.452478540912069	10.431635546911417	5.414013254303213	5.602808680423201	7.864340899398632	8.330835581447179	6.9637420105960945	6.11909220805497	9.308159768996562	6.54209747357532	8.780329988913856	4.820280975741598	8.483198657005861	5.779448235776465	9.331332361667402	5.947246715815905	9.933137984321565	8.3209213438137	6.386322190984474	7.630443641343946	6.3382500593014655	7.510773661866191	10.98970645314966	9.325592079250194	5.967787650081309	5.481705362613024	3.9813153382271085	6.782123619320799	8.286134318644898	5.768745163363221	10.02977840762275	3.863612089907949	7.610625450432333	9.107967538329023	10.006896825669656	3.9994634654072794	5.889382137474556	14.359714698159198	7.0877096396094	6.4520907919536565	7.648453213149648	12.159919573793708	6.0463495348327605	9.047290212880812	7.922238824257733	6.168792924521697	10.164501558652487	5.901562033046444	7.4667933658107	9.709899467625112	7.544210269786453	1.5824332160792978	4.694405385038883	4.158454164052789	5.359622787137427	6.111504433141648	2.97142614297976	7.269115630617582	7.504871070060568	8.940784399126771	4.71741715202875	10.819553292260267	8.829988809257904	7.10735582726179	7.714150613069773	11.814810958385497	7.417639898404494	5.869420029706667	7.1779262207079295	5.690287644510358	4.559817376377338	9.221209128348988	6.437407842880828	3.1761386110627066	9.246528839828944	9.679150616641513	3.9958342902042503	4.055544410925813	8.910905936329993	5.871485341657204	8.490031275862686	14.121020306464517	11.078045607102345	7.728291156999357	7.642573430671671	7.558912367536512	7.338814283754844	7.868534547984766	9.335563620258945	6.375628562752008	7.773555526282155	6.7674954400341205	5.0887425600097025	6.894568215596979	6.818179234737293	6.479182759766251	8.146698084636705	11.024369672110398	5.31631448765501	6.8591773496519455	6.824021204113766	9.986208411332399	8.847845321629167	5.372274663786755	5.210103266351915	10.273264135389264	7.62844612219963	6.927596312131208	4.78632375972623	2.184522295660108	5.281462415282818	8.881763941672707	7.692706944911698	15.406481162234826	8.665166534598526	7.9274482332833625	6.067321981934709	7.3149237819660256	7.855463875620002	5.902991085229488	12.898317328975983	7.68127333541587	4.702225593503816	4.871733757733319	10.817319660391192	7.157242486920155	5.565921999782581	5.920275220091315	8.08038926446403	9.671896369298413	6.633943527448859	5.892883612053942	9.753533608717044	8.735864017060614	8.932983157138906	4.724518885790962	7.550404280450826	5.828556747367237	10.58705063205117	14.563819036446988	6.620469638691063	6.562937065090593	5.414862738347596	10.057330201958875	5.839791230489658	8.874246399961992	9.71089798622141	5.906400008000845	6.906111865592304	8.90039025357492	1.8808802721486693	10.084996853388313	6.314403219499823	6.703311826900138	5.875520589626125	6.397953502397457	10.492810194576702	6.2914328469005065	2.920908956840037	3.78212418222051	8.079254450267332	7.6082720522128175	8.331375476653896	5.913595623395285	6.405591616710548	4.082475247423927	7.007938692455378	4.850767893329219	6.676407534942549	8.990147737506502	3.7151709267223323	10.654615246516087	6.76601779918634	5.901222781486263	5.82871429665941	6.924783615963759	8.241234615756163	9.951934972312099	7.870710423415344	4.779599435863015	7.973153313578717	5.667725532668697	4.830983410069366	6.351082382250311	6.593532401603395	8.811883705004012	6.597432466981351	8.338424053846962	11.75460613371932	6.193957188222865	5.96852373802469	7.8077867722064695	10.553545719226632	3.7959991166733515	4.849252460152701	5.840529150851041	6.665426321083824	11.686646776016575	6.825258989173844	3.9439494965801383	7.281295066106137	6.540931811311946	4.904146282309868	6.527683779014569	5.356473842783597	10.67714733404532	7.787970112930001	8.655595376641735	5.2988704847616726	6.7871737839603785	7.7088271797077965	7.358292612369434	8.871681657699487	7.969598221519262	6.678967167566151	3.7641991104606323	4.005581485925158	2.2505193840807878	11.155177142861003	4.117629263230502	10.436433785565459	9.428144097205465	15.929301425626987	9.199208042738794	9.728416367653441	7.830913468864711	3.762868121485153	7.874791931536908	7.7996224321983965	7.248359011421958	12.64226335249137	10.970602055357368	5.81804687053231	3.5763765066055706	9.839714018690499	8.758757875098047	5.9175506774393405	7.710108579413254	3.480021802832063	13.310105960654283	8.722790321452775	8.569124563964408	11.44326823754717	5.400376860333949	7.925955856417505	7.787638318051872	8.002841036460735	6.818277448711236	8.043182253442202	9.656304292276364	8.009857312910839	9.637972993365475	7.805208306985497	5.054219417405024	5.95992135016607	8.464830300494633	11.51733361769458	4.895254588248674	6.977866887493581	8.544329998314605	12.277309277916705	4.820077316798912	10.772477774516359	13.83853852264121	4.705667741454435	10.773476757682365	7.609761020018508	7.470210427818192	8.72010247173968	5.857912038573506	6.095539455154043	2.9395894995389527	2.610498482364899	9.211381997380835	5.570464878468922	5.851640133728488	7.551757480834947	7.892146005924071	5.84688840168382	8.11000347420309	6.107736887088804	6.0304959696392135	7.672705944812886	3.9834443384918394	8.348744589888353	4.954955201604499	10.436547800218605	7.895248631671784	10.237381010243462	3.4530451958840658	11.666226772543567	9.4193773434924	9.667118152333945	6.929599266990718	7.052901206893501	5.3419210694818995	6.863215198326089	9.66863536051282	3.244192333367617	2.6797830592983387	6.949399564303526	3.5710514710963666	6.42874084881548	5.386130963848542	6.670570622696178	5.9262514678705696	5.050012808580601	4.237824633532843	8.854252662573085	7.761592354527211	5.000406994918257	7.744259407161533	9.691157180457525	6.033564804276435	5.288771776507476	4.15095595916082	5.808332592125558	12.561859085203297	6.84779711214374	6.286391177175666	7.9123236116991755	12.841023969782887	7.88081055972585	4.442361193415994	2.860612154298691	6.542734549407527	9.971895713546859	7.584028407465115	3.3992390016381138	5.717119791828386	5.146320519436453	8.321555295102177	7.302710947368177	6.0999031165114035	11.65627107665204	5.108523358238096	9.093612802711766	8.798369782038376	5.702095480709107	6.21423122491616	6.04069654923698	7.4819147342563355	5.835699389008002	6.287181887134121	10.549630332164163	3.6930212855214846	6.0584369425052875	5.868337211592842	4.006489912720505	3.950841358152237	11.299138152816399	7.645404727818989	7.827022204869774	4.8730468675205225	7.902316454827817	6.645874321050256	7.101578326754779	8.200692456978945	6.790501994404	3.960563386970061	8.014775863993435	6.752827181311778	6.374100864061933	3.507011994176194	6.2874343777280535	5.165842421848402	8.224008780860958	7.749331759095443	6.552901366135474	8.200416862174203	4.223300452547774	7.142998215331574	7.012898331939463	4.941533132921958	3.228147692067845	9.768575634703632	5.820337120146717	9.867581375871506	3.0046189187775667	6.8046361332804555	7.414146336736963	4.5311960246198435	4.820284582853403	8.696386447575707	8.684548256001547	7.35860637468608	11.681819080978329	9.495489457432107	7.864996445199888	11.218181746154565	11.79890989383085	3.831896834760441	10.09868872996523	6.98611690445598	2.0952574715572445	5.704115869141243	8.427598558823103	10.896090355795026	4.596649998206026	5.619674198289123	2.5394338387971085	6.702490672993493	8.28681594874437	6.9067043572348865	7.344128067259341	7.123429794321926	8.937704813821943	10.275282773932792	3.339097399286351	7.040970381664505	6.743590163835387	7.901002932383149	7.739107920143369	4.529859785156947	7.93040707949549	11.103144563994837	10.266381117279467	4.697172741414154	12.150184288896968	4.146368387511617	6.471168300497609	9.790966265770669	7.689227026810582	4.728999769031762	8.513706180105874	9.271757392679776	5.154296071041876	7.508231309066185	10.35043555564974	6.305234943410483	8.686994776801397	11.632553519894381	7.318925076086433	10.03810358014632	2.9888236182180212	6.737043611747804	5.7745316471699795	11.862824269799393	12.572651294403164	9.093519243445623	8.663648616089162	5.97006559700961	4.503032060763454	2.9399422034833465	12.593717834389405	6.43833293897239	5.8491017247081585	4.757184866119915	5.698038200606745	6.048955518170513	6.98860737572132	2.992692918941468	6.584280799345537	4.02413424470544	11.78050152813393	10.37775945447224	6.689932513973713	6.066303398279976	9.169876880344882	6.869188277176714	5.469436619542887	6.515670111949638	9.560407122348762	1.984856248018197	8.554262092655506	7.5296465388827585	7.0014018669315075	8.008108929476316	3.734704644204354	6.204782663740745	7.109518817685713	7.582540538288091	10.437575457745814	7.722986355288554	8.588123060884048	3.5998739233681465	8.547579025420875	6.86317856183501	13.722230246467277	5.886887697094965	4.9038931349767365	7.155268263859937	6.004021484019732	6.0811156871629155	4.882666028334859	5.426684866179006	5.931352583808133	8.968812103317674	9.862067507029456	8.859293628340337	9.968914666329187	7.06073316663161	4.858796487882155	7.699945083190404	7.512352753261252	4.605502011589914	5.0554281252621625	6.270976431640241	7.245937637698632	7.083571096410944	6.264196163925013	9.545088159716384	9.72017763480962	7.413855517264727	11.408570479212514	4.946950731253274	9.596429659767736	11.512431284264357	8.85618550916581	7.809720527410511	7.309397067112154	5.901882164605963	7.111362331031984	10.670487438623308	7.7058054671438425	2.535837381330452	3.7809266875595515	5.669925534896453	4.278423463130306	10.230769016308413	6.522278328255886	5.875454634816388	9.211809193406607	8.100639920187659	6.85102379418034	8.764121168158232	7.80305693566605	6.4097751380304215	6.360099679407495	5.623249928542037	7.423747415907498	4.854520058040125	8.716377989046869	8.8240085836396	7.767030356666584	8.217416789296976	8.565344123424518	11.510557163948642	4.8465014694711535	6.152476394711389	6.095865705479444	9.056678030959402	12.685264890650098	5.991209671520913	5.347145162604223	6.806702708706957	6.601044967250054	3.876811892696328	5.670412966722736	3.9269872545041555	5.932080837313314	6.254919044951035	7.56617520440173	10.882428741176813	10.962771332512535	15.741555032391922	7.874828148452157	6.5351932890740185	8.883882292534473	9.258901312378203	9.932033278128637	7.7677062801647025	6.054536172632931	9.610315363071464	3.439394383264212	3.7494512715974646	8.136572208123942	7.956109106242128	6.161672977431218	7.058021443882051	6.265297844340673	5.316354912608982	5.727855409468999	4.913684071300832	9.154868077886139	7.600740626299329	4.693857881430156	9.878281079589609	8.823860693947967	12.949538357576646	8.79910683385548	5.315107193132386	10.957390706055275	8.501333507152017	10.340758806908319	6.059239237251391	10.43727101827632	10.366072987181546	7.118437521390011	7.279692436064341	5.455382247231541	8.650404002840782	8.402222276617154	6.905637189203073	8.449974180373976	10.14093663225656	6.005609128877956	7.176568300421752	7.958514908255234	8.699735324356716	5.617118679419587	8.534987778030525	7.221013688173734	5.912890703783345	8.39334958166094	9.648982169465077	6.414028459337182	5.706578777460359	6.293405681819176	8.15787102546329	5.63239647932565	3.2937961067789385	7.945601504729963	5.651447925749516	7.0177672108712805	8.967079479243687	6.8330316574145105	6.25044367786126	5.432663037291083	7.775106851522017	11.267236133552373	9.337897422219376	12.62235255487766	6.8421859708466854	4.8695771147422695	6.6906821166885635	9.92679007725756	7.857197951353043	6.54305372374718	6.915064945111172	4.91444266420674	8.103027392678278	8.57645346792333	3.3759382244657927	6.328407957853808	10.033216639104303	4.135800876042431	1.9127901969596366	9.544288736017247	5.248933965683419	6.277844956421508	9.659907266304955	3.993743598558722	5.939467279897835	8.553026214102248	9.765869738486423	6.882252669729878	5.039077718204347	7.142950430777024	8.883061922501247	3.343772118911788	6.853658838235961	14.929370044144807	10.473085399484958	9.831655812234471	6.912184220136437	5.22463588122758	5.949289365278573	9.56496602145673	8.53672529513514	9.95496157321219	8.984549693052362	7.061865014449807	6.886746207146727	5.630091137255711	6.5257217984231985	5.74109088005559	3.1602353209764984	9.453695780811056	6.607508038021794	2.973740352561961	9.904555799618484	7.4369631973055315	5.250119090099936	10.346077630547201	7.743189278037966	6.976803565467248	4.986601086526074	3.361409600383022	8.63574058764052	5.544689532333806	11.93467780161207	1.9448785817662122	7.1369982962379535	5.41122430239306	6.072395714665517	9.89215798210114	11.234120669958909	9.923829475281927	7.114010350734326	5.581316665637689	6.431778470749377	5.606133472109925	8.123637111896123	7.4495669934551385	7.019460145073317	5.358072351472377	2.9889765772763814	5.097607341209434	8.080696596200296	6.519543921013709	7.61996751979205	6.3750440797249714	11.829815532441676	6.847078011703819	7.9111321956958855	5.348006452381241	5.0023567325294716	7.399507603466346	9.391812277738078	7.356767119268188	10.539980541902922	8.44988064167474	5.841435158517555	5.481288792345472	12.098783302992857	6.0428540568528595	6.5632754163449	7.839987906457097	5.810628541230556	5.824162506567128	5.925362547222909	7.073962831449755	5.890710015831585	9.038741911217496	7.313279907215582	3.901323920929749	3.4273271397502074	5.328980858479981	5.064921472683553	9.724855277412917	7.084820988459728	12.707620447306285	10.721222890411125	3.40537195103097	4.787648165055728	9.37584724624391	5.507974814949915	5.357842230152146	8.674971715960922	4.126476487806657	5.956517162754788	7.715038031573551	6.054089752441136	9.83941281680064	7.641438892463676	4.98341417052594	4.045730452817938	8.829951237247169	9.919592274751059	5.3568495399744895	7.766917029246898	9.751203489562192	6.692948226401792	6.121821827389804	5.297258716906439	7.80764029857499	11.532317382662013	5.93018749581931	4.864579333105078	7.691445233828269	8.005569985862444	6.81539156050506	5.872491423187638	10.146605138997788	5.636121569661598	5.84097975803833	4.805480882940617	5.871520634541362	6.983779270418064	6.57366026106985	7.622705138270453	11.124244240177118	7.918214786265344	7.6525466144549	6.704251625490145	10.73911419673964	5.532398828965641	9.278582475088399	5.958011653615147	8.096446870621905	7.00737601356675	10.628978283077151	9.621159586668341	6.995499207018169	4.311450955961225	10.226067086289058	4.428285634120503	3.890227181000269	8.700734271049638	8.503264682561866	7.646411470850988	1.556142041217291	8.344484736115053	6.837641782573941	9.4624190743429	10.436561494482543	6.825383171480003	7.30803514454549	5.779777366235832	6.952271152335429	6.362910166410201	3.8403959469326012	4.661142495113522	6.69128244853204	7.168731686900883	4.113870363939996	7.874680272598095	4.027477961608807	6.584786031404497	8.977386418458495	6.6181055288223645	11.437215256298138	7.354201610375875	10.731754409045854	6.554578240940555	6.887917101517216	12.960348542975405	4.6886597357065485	6.876173687011048	7.304865548673453	6.091936306046798	9.386246488600523	7.334968573157023	7.675251355419152	9.700491841787631	8.427365129546846	5.975689398119753	9.431039592811642	8.261709162091178	8.488880978615954	9.362311306347086	6.050550185878169	4.308708698301106	6.081343505903338	7.394919673686146	4.179979295264991	9.702389309499335	9.683094662877565	4.4472635301954515	6.786886267076163	5.050520992000111	6.782325677883099	6.70721204724171	7.816321963647375	3.2773217088255433	3.8892162172650595	7.806505026279356	6.350063976047144	3.889043511528803	10.154160013850134	7.507608757776178	6.243144548157146	5.1611607951814245	10.639420028794452	7.855977742533569	9.712217388455565	8.777150878571852	4.118371957303415	3.4973009024287016	7.779435940784332	5.605067156176894	10.521277528617437	5.792357392656229	10.321290208140207	4.563411614984502	9.856039766873403	6.621621200917651	5.667602936507002	3.6718887966677136	5.751354567949078	5.897992092856704	6.918266957083552	10.683105857020315	4.955387371789039	7.1986004861961845	5.916037239964548	7.467686959636461	10.177748783589639	9.886273501671166	4.629467240020208	7.024346014140499	9.317887437099843	2.9051093602967635	8.809539117161307	6.965586402035591	3.968850854349014	7.106689078666939	11.246078334493474	6.101892582464113	6.701528828233055	7.147467645180286	9.60053995912382	6.044382135324738	1.4843719568271108	6.189028032743462	6.446071581951889	4.907566159215794	4.958262043369849	5.853837168564755	5.859709064019952	7.564450590707802	3.959240991340222	8.88408333349749	6.634437804219496	4.927604195458185	7.041865726645253	7.6011965893023214	9.217819810427564	5.048488683801855	4.733742702474335	6.618178124697791	6.74358996265839	9.835877130557993	6.69801352612929	10.618943106869304	6.715974840399144	5.075173017332979	8.299344823293673	9.835100867537799	5.655203287946667	8.972231826199266	10.337584382536887	8.385120112068597	7.5092219772085524	8.436920140379087	5.829721956113505	10.150990094439557	6.504888538582041	9.554341665991185	8.20549497537721	8.811461948255001	3.916247147467674	6.119264533686455	6.515178970031374	9.54868129904419	8.667934217443696	6.8119854998102705	6.858064562316101	11.805302080170582	9.68472525801836	10.596663619817566	9.039111175334348	8.887623279348027	8.337583464111567	7.561164154200848	8.767303047909705	6.484811469193256	7.025301647805087	8.205526923682328	7.129989787980111	9.807525872067979	5.855235686432369	7.895991744265848	9.592937185610953	5.6704237769926396	7.087123024056662	11.31938759626983	3.6912016313381857	7.250114944532679	4.271893122263686	7.04959104135106	8.577667140965401	7.807556138731134	10.736480420722815	8.940195313868783	5.881128411682564	3.241068273402082	7.951478633775214	7.417809888435733	6.394169930750231	6.977275297120828	7.788965349747009	5.730575173350363	9.630501899915036	7.279252301400882	4.6719574398324175	7.933403649242374	6.306958076967032	7.9685522819871135	5.821839619866996	7.802845435441054	9.172869461446439	6.494008094757026	10.333482101132859	6.457392053752665	4.842889590478903	4.8192069897643295	10.748552526367376	6.886559428275698	7.457179554496408	7.746411197630928	11.056594705234733	5.931503614152044	3.9276438915519467	6.345856051496395	5.083844041330937	9.275506334547082	6.956493406314796	7.932819787187563	7.491339419333136	6.498988308330676	9.768097560702204	9.427524432832735	7.328666613434152	6.272232122356685	8.99750134774003	11.002792471688974	8.540425411266835	7.563990633703622	7.082232230192542	5.918659474870078	9.045717888591204	7.9175931833851685	8.110369430205232	6.512383418205453	9.025746336990512	9.965469725952891	10.390143794914657	7.216723535260577	8.74509337306943	8.211386344085447	7.359450628509085	5.352033093646415	6.644638132030122	7.43445864382021	7.4659348613180665	9.358640435589255	10.193929146344379	8.005358165509403	7.158212030169117	3.3074345690649407	5.004054310060737	1.386183580718256	10.767321004769995	7.1677463296636805	11.602008884147399	2.2754749031230594	8.13028902586609	6.86457944485531	8.761817370364376	6.6941381899717465	6.800646212288165	7.328561674370271	2.5416850331248417	4.548942963573954	12.011243091047481	3.2719643099697264	9.029744815861072	9.808432930954387	9.7988032790819	5.699966355676019	7.558296978648602	8.864212689605324	6.855943562187604	8.342304619987129	7.057332856887629	5.953405391282852	12.910018288347414	4.913752455254429	4.913209377838434	6.78359452678001	7.80281241937502	5.097294740379496	3.18127780110566	8.150436616817545	8.063537380935937	6.090510331704722	8.819254646464982	3.021373322058948	10.069644678343797	7.17829586066844	7.265830253353817	11.262890601727776	9.54489017725793	11.187281965326465	5.8490254576289615	9.296636397575947	7.899311613538314	6.157653293556587	9.909185740558001	5.446451473035338	6.402924322809754	5.306164231920215	12.272124688616113	6.67314000730014	3.9434532953827994	6.898574959820355	7.353102826137074	5.771049195026397	6.6861187951723515	4.85427649560674	5.847083926552518	8.981988873320596	6.524731065923936	3.825863378250001	6.6087962030285885	9.567558919941087	4.713419954750865	6.7660490841614465	5.561285869603799	9.756329891486978	7.027571024771988	7.167610476483517	3.5296145218383996	8.240853234325524	4.493944485427511	5.902394562634693	7.804958155174548	6.520215196812417	8.78413559197392	8.381828695982854	4.896547774734989	6.919923267253025	4.921763889686114	7.344656906479045	6.630630385351407	10.459848528980773	5.66397912215208	5.225995407082419	10.60687497281316	8.877139888535371	9.724721917943736	6.050897360766373	5.442307876966858	5.96654201889202	8.089320144335352	3.888258680269975	6.449687043174429	9.697671406023723	6.06455459093711	6.963399252981649	6.943673921425543	5.179463619249895	6.838194445875073	6.7359788691661	6.8221344746055275	8.785950755852273	9.995324336497744	7.932294256716032	8.348384749402427	9.865821302163024	6.966293349013855	9.074146627394262	7.160812635191225	8.973104195830974	7.8390002011317765	6.145427524647672	4.856683441022041	4.438260629004632	5.516137805610447	6.307942573341915	7.412587535580218	12.133552339368475	7.80528190563705	7.338788405966486	7.884578231413373	5.564441769362864	5.144833302594144	4.973958328312803	6.598492961609734	7.817871218267599	5.829007561618642	1.990958491944341	8.90302805552074	10.481049552022728	3.290528275688072	5.843834664253575	6.948242101978999	4.348312986107305	10.603529552230375	8.47884317182311	7.542136273532759	6.483234500199428	5.393154336393097	5.848097389192803	6.9131897720880175	9.84084088815721	4.363298494472337	10.180840961523387	6.442614964710121	5.584490609552268	6.504646715997829	9.665053584152435	3.9138188069288167	5.80621962483954	5.653817442459111	6.589235304083681	6.192375950309648	6.468414329250349	5.057648984216169	4.843610004910984	5.023132330154686	7.569502221969147	4.643297991588935	10.97256929691648	8.481542499480607	14.198458024417477	5.633106716874077	9.763880842946346	5.849325525886785	6.8429879981600275	6.979982718847508	4.618325924007053	10.957314069113508	8.044887859524213	8.520825690937032	6.801860988741906	6.596978464992945	8.545997425379158	13.59064154334203	8.598620374565826	6.515460505209419	4.1420958871057865	5.652704693642193	5.157475646071096	6.760766318559463	8.893850597396185	4.549326925620552	6.801884529040745	4.858597444611742	4.2944298582196785	8.68418281977785	9.230024121087583	8.843818145346143	7.057052164661783	8.77153786837026	6.267874705565045	6.509186620147153	9.641230612123003	7.107341230616767	7.72680590733293	8.583016860434354	7.879067544467561	6.95997330906589	8.218925748658844	9.964415453769602	11.809337125164895	8.945675922550784	8.691756572345065	6.590509822262319	5.135373198827874	7.824746113829507	4.392467964515347	6.205125993474816	9.151496287105177	10.933192548915061	7.1289980954899725	7.488739383009153	7.675388972222734	10.690528349107904	8.833812616761271	4.300562836704524	6.697516966891729	5.930280232677485	6.302646368142989	8.770774572724676	5.749958829073822	4.975918563106878	8.879949671758819	7.630953109915305	8.739382605583932	3.191052516629176	6.673845019100044	5.610795017388624	11.436385437041613	2.9484239039688562	3.9551434311183495	7.507173320220864	9.233488127148457	5.762903160191532	6.68785348739235	5.636005787726605	7.223103550517868	7.085186945555988	9.682988662913202	4.862690744517003	4.787034696471493	8.087574136555634	7.189118389252753	4.139473940874194	7.885886517410446	10.253557632344577	9.175164371063426	6.0604872079528755	6.727068145610231	9.927880728771147	9.44599425220368	9.066241113274845	7.531718221180976	2.656419827677662	5.709573287727254	6.232166575196654	6.3531795788362	5.708838731680867	7.916665452753666	9.976252758360973	11.83469824104424	6.840589311317742	10.415681747992986	6.861870483372108	8.767047999698397	6.250429563978565	5.897828474571825	8.273726791412523	7.441400892976446	3.392251543456089	5.8677449875121575	6.325700544659874	5.536909410850038	2.998936081913914	5.828727535518332	9.664772100459192	10.7297442406418	5.875774117300107	2.332983670735266	8.434463590760904	4.923022501747311	9.763819982488847	5.282169828394645	3.7688076104147217	8.82563365670181	5.080696888274949	8.310494775183871	7.987190743122171	9.20268217278817	8.907456770673303	9.370936775679144	6.936299058950583	9.79915816379476	7.204690338489009	6.843011736480969	6.488659720017322	7.131754408498599	5.737706213560064	7.680341602711056	9.282860008022684	8.893337048829379	6.838500711932493	8.62819313338937	3.588341924565639	5.7016544777086136	8.611086095261319	8.094836270095913	5.958200961943089	7.724467741869166	8.282918426238584	6.804891035037333	7.886088548950459	6.866823489278726	8.96116219425406	6.048169889309276	8.900242583283253	7.950347551707918	10.898301446343487	8.46156358797712	7.208499774384627	6.903324425221856	6.513717944859513	7.581300854285957	7.258739434398301	3.931729460141287	5.15225173613781	4.8422095939187475	7.668500571710563	2.760579195844865	8.929885434904737	8.977582774644896	7.460070205558854	6.666930553238455	5.8323303395706105	6.978291365148725	8.355683009718318	4.9705065263576	10.932249172089918	4.164024221495363	6.295713137947	6.916681260729068	5.780402824085749	9.166555261123321	9.135024582108974	6.015287156026452	5.156116831234418	3.5739129772269673	4.839019361013865	10.389143309952443	4.325442893120736	6.212323706539809	8.78126995880204	4.910677075292309	5.873642233878395	1.5594069916449205	6.853193666687326	12.906024921726418	7.774775432658286	8.976316184045002	5.139915676661206	6.96279819926543	3.8168814429531044	5.6911242229678045	6.7242210214929825	7.889428055549385	5.959034631553671	7.760409864641601	8.694682675085641	6.738542262725279	9.565877191233588	9.351373676390441	7.097959484837757	8.211439073993755	7.741712949731777	6.847498254110669	5.71695735178996	7.112182192871213	6.730401732265574	5.847417664740236	3.892263750283491	8.969051240191252	7.1343475216366645	4.808356299572219	11.76643659000311	8.971344338733076	8.71971000779165	6.563514510390271	5.619999470613002	4.55706372956171	10.303629088547824	5.210276577709786	8.855447732689948	12.617342416700614	6.621604119632166	4.968711525579968	6.598022436529425	3.2255730841468506	5.905842755940383	8.869069692462698	8.107650299830016	2.9250120209490476	7.044128378471614	6.161843213802108	7.730079763874995	8.29745978977575	9.734032103199636	8.413166783821264	6.3342371912046955	7.105793879482376	9.536715750904737	5.798371795516894	8.567065288065574	10.757741436756895	6.0997733904541995	5.674114073434913	6.002195430090642	7.704381135921815	4.956858841616754	5.38959568602738	6.86034075089799	4.996043098046172	6.226221228741308	4.908752962012193	10.012408781084329	5.903670138991969	4.517817254887184	5.103266949674596	6.837413023682858	6.997210242169694	7.918152729560067	6.044303587412261	7.763884083303685	6.477388063118751	8.534190604222688	7.2107811648058915	9.809106343440627	7.812972148200361	13.173887703393415	7.984454168310862	5.586323755958982	6.542749893687879	13.229514672685847	8.572849590416933	13.89381265473734	4.909879429706844	7.643313387532819	8.529526136890226	7.856242849839127	6.856247095179225	6.605321500376215	7.819074384154398	8.849816220408417	9.804279761029585	9.954920060036466	6.135318105512824	8.832603293827574	4.987212006843151	8.833766330278026	11.067602617774593	6.866068723182278	7.7940653686824986	12.893177385125307	6.095772771201981	7.115575955964501	6.01810820673559	7.654375092274824	6.460867174118312	13.761623770854563	10.546575434671661	9.558855528439267	10.14117956490252	7.817960904618715	6.433507333583072	6.595833639848814	7.206795708919051	5.865260663747118	3.6438517309655385	11.560917927659869	6.411091626374752	6.7589663431672475	5.0378745864975265	6.109282962725086	5.118703853358174	7.130542083221535	8.322472235296141	5.247794193420794	7.038460665982103	7.426760663918822	8.564903206996789	5.914578281695392	7.728705960880525	4.883006564835346	11.019450159215882	6.204877796925336	3.8930249706607225	8.69203619443374	8.989235561540621	4.989283363183823	10.631847027503133	14.580030917226939	6.431726374297132	9.858372476276497	6.731604252723906	6.740876863937644	11.66251179019457	5.332498807479134	8.364121377545791	7.982053018150581	6.8610403015912516	9.872418052316876	8.793520287202945	3.9415099561505356	3.940160027546687	9.665780938497635	5.531525697782443	5.312691930711055	3.0045871769330836	5.782815589674478	9.683184629298374	6.524474042651823	6.697175042378821	7.052515209370135	9.302908926501875	8.754384942508334	7.711493770462109	6.931079336725944	12.929821837892089	6.863545391115506	7.219273110108087	5.397008605782197	7.006663677258342	9.434391495047663	9.37332367555571
G15	0.0	0.0	0.0	0.0	0.0	0.0	0.0	0.0	0.0	0.0	0.0	0.0	0.0	0.0	0.0	0.0	0.0	0.0	0.0	0.0	0.0	0.0	0.0	0.0	0.0	0.0	0.0	0.0	0.0	0.0	0.0	0.0	0.0	0.0	0.0	0.0	0.0	0.0	0.0	0.0	0.0	0.0	0.0	0.0	0.0	0.0	0.0	0.0	0.0	0.0	0.0	0.0	0.0	0.0	0.0	0.0	0.0	0.0	0.0	0.0	0.0	0.0	0.0	0.0	0.0	0.0	0.0	0.0	0.0	0.0	0.0	0.0	0.0	0.0	0.0	0.0	0.0	0.0	0.0	0.0	0.0	0.0	0.0	0.0	0.0	0.0	0.0	0.0	0.0	0.0	0.0	0.0	0.0	0.0	0.0	0.0	0.0	0.0	0.0	0.0	0.0	0.0	0.0	0.0	0.0	0.0	0.0	0.0	0.0	0.0	0.0	0.0	0.0	0.0	0.0	0.0	0.0	0.0	0.0	0.0	0.0	0.0	0.0	0.0	0.0	0.0	0.0	0.0	0.0	0.0	0.0	0.0	0.0	0.0	0.0	0.0	0.0	0.0	0.0	0.0	0.0	0.0	0.0	0.0	0.0	0.0	0.0	0.0	0.0	0.0	0.0	0.0	0.0	0.0	0.0	0.0	0.0	0.0	0.0	0.0	0.0	0.0	0.0	0.0	0.0	0.0	0.0	0.0	0.0	0.0	0.0	0.0	0.0	0.0	0.0	0.0	0.0	0.0	0.0	0.0	0.0	0.0	0.0	0.0	0.0	0.0	0.0	0.0	0.0	0.0	0.0	0.0	0.0	0.0	0.0	0.0	0.0	0.0	0.0	0.0	0.0	0.0	0.0	0.0	0.0	0.0	0.0	0.0	0.0	0.0	0.0	0.0	0.0	0.0	0.0	0.0	0.0	0.0	0.0	0.0	0.0	0.0	0.0	0.0	0.0	0.0	0.0	0.0	0.0	0.0	0.0	0.0	0.0	0.0	0.0	0.0	0.0	0.0	0.0	0.0	0.0	0.0	0.0	0.0	0.0	0.0	0.0	0.0	0.0	0.0	0.0	0.0	0.0	0.0	0.0	0.0	0.0	0.0	0.0	0.0	0.0	0.0	0.0	0.0	0.0	0.0	0.0	0.0	0.0	0.0	0.0	0.0	0.0	0.0	0.0	0.0	0.0	0.0	0.0	0.0	0.0	0.0	0.0	0.0	0.0	0.0	0.0	0.0	0.0	0.0	0.0	0.0	0.0	0.0	0.0	0.0	0.0	0.0	0.0	0.0	0.0	0.0	0.0	0.0	0.0	0.0	0.0	0.0	0.0	0.0	0.0	0.0	0.0	0.0	0.0	0.0	0.0	0.0	0.0	0.0	0.0	0.0	0.0	0.0	0.0	0.0	0.0	0.0	0.0	0.0	0.0	0.0	0.0	0.0	0.0	0.0	0.0	0.0	0.0	0.0	0.0	0.0	0.0	0.0	0.0	0.0	0.0	0.0	0.0	0.0	0.0	0.0	0.0	0.0	0.0	0.0	0.0	0.0	0.0	0.0	0.0	0.0	0.0	0.0	0.0	0.0	0.0	0.0	0.0	0.0	0.0	0.0	0.0	0.0	0.0	0.0	0.0	0.0	0.0	0.0	0.0	0.0	0.0	0.0	0.0	0.0	0.0	0.0	0.0	0.0	0.0	0.0	0.0	0.0	0.0	0.0	0.0	0.0	0.0	0.0	0.0	0.0	0.0	0.0	0.0	0.0	0.0	0.0	0.0	0.0	0.0	0.0	0.0	0.0	0.0	0.0	0.0	0.0	0.0	0.0	0.0	0.0	0.0	0.0	0.0	0.0	0.0	0.0	0.0	0.0	0.0	0.0	0.0	0.0	0.0	0.0	0.0	0.0	0.0	0.0	0.0	0.0	0.0	0.0	0.0	0.0	0.0	0.0	0.0	0.0	0.0	0.0	0.0	0.0	0.0	0.0	0.0	0.0	0.0	0.0	0.0	0.0	0.0	0.0	0.0	0.0	0.0	0.0	0.0	0.0	0.0	0.0	0.0	0.0	0.0	0.0	0.0	0.0	0.0	0.0	0.0	0.0	0.0	0.0	0.0	0.0	0.0	0.0	0.0	0.0	0.0	0.0	0.0	0.0	0.0	0.0	0.0	0.0	0.0	0.0	0.0	0.0	0.0	0.0	0.0	0.0	0.0	0.0	0.0	0.0	0.0	0.0	0.0	0.0	0.0	0.0	0.0	0.0	0.0	0.0	0.0	0.0	0.0	0.0	0.0	0.0	0.0	0.0	0.0	0.0	0.0	0.0	0.0	0.0	0.0	0.0	0.0	0.0	0.0	0.0	0.0	0.0	0.0	0.0	0.0	0.0	0.0	0.0	0.0	0.0	0.0	0.0	0.0	0.0	0.0	0.0	0.0	0.0	0.0	0.0	0.0	0.0	0.0	0.0	0.0	0.0	0.0	0.0	0.0	0.0	0.0	0.0	0.0	0.0	0.0	0.0	0.0	0.0	0.0	0.0	0.0	0.0	0.0	0.0	0.0	0.0	0.0	0.0	0.0	0.0	0.0	0.0	0.0	0.0	0.0	0.0	0.0	0.0	0.0	0.0	0.0	0.0	0.0	0.0	0.0	0.0	0.0	0.0	0.0	0.0	0.0	0.0	0.0	0.0	0.0	0.0	0.0	0.0	0.0	0.0	0.0	0.0	0.0	0.0	0.0	0.0	0.0	0.0	0.0	0.0	0.0	0.0	0.0	0.0	0.0	0.0	0.0	0.0	0.0	0.0	0.0	0.0	0.0	0.0	0.0	0.0	0.0	0.0	0.0	0.0	0.0	0.0	0.0	0.0	0.0	0.0	0.0	0.0	0.0	0.0	0.0	0.0	0.0	0.0	0.0	0.0	0.0	0.0	0.0	0.0	0.0	0.0	0.0	0.0	0.0	0.0	0.0	0.0	0.0	0.0	0.0	0.0	0.0	0.0	0.0	0.0	0.0	0.0	0.0	0.0	0.0	0.0	0.0	0.0	0.0	0.0	0.0	0.0	0.0	0.0	0.0	0.0	0.0	0.0	0.0	0.0	0.0	0.0	0.0	0.0	0.0	0.0	0.0	0.0	0.0	0.0	0.0	0.0	0.0	0.0	0.0	0.0	0.0	0.0	0.0	0.0	0.0	0.0	0.0	0.0	0.0	0.0	0.0	0.0	0.0	0.0	0.0	0.0	0.0	0.0	0.0	0.0	0.0	0.0	0.0	0.0	0.0	0.0	0.0	0.0	0.0	0.0	0.0	0.0	0.0	0.0	0.0	0.0	0.0	0.0	0.0	0.0	0.0	0.0	0.0	0.0	0.0	0.0	0.0	0.0	0.0	0.0	0.0	0.0	0.0	0.0	0.0	0.0	0.0	0.0	0.0	0.0	0.0	0.0	0.0	0.0	0.0	0.0	0.0	0.0	0.0	0.0	0.0	0.0	0.0	0.0	0.0	0.0	0.0	0.0	0.0	0.0	0.0	0.0	0.0	0.0	0.0	0.0	0.0	0.0	0.0	0.0	0.0	0.0	0.0	0.0	0.0	0.0	0.0	0.0	0.0	0.0	0.0	0.0	0.0	0.0	0.0	0.0	0.0	0.0	0.0	0.0	0.0	0.0	0.0	0.0	0.0	0.0	0.0	0.0	0.0	0.0	0.0	0.0	0.0	0.0	0.0	0.0	0.0	0.0	0.0	0.0	0.0	0.0	0.0	0.0	0.0	0.0	0.0	0.0	0.0	0.0	0.0	0.0	0.0	0.0	0.0	0.0	0.0	0.0	0.0	0.0	0.0	0.0	0.0	0.0	0.0	0.0	0.0	0.0	0.0	0.0	0.0	0.0	0.0	0.0	0.0	0.0	0.0	0.0	0.0	0.0	0.0	0.0	0.0	0.0	0.0	0.0	0.0	0.0	0.0	0.0	0.0	0.0	0.0	0.0	0.0	0.0	0.0	0.0	0.0	0.0	0.0	0.0	0.0	0.0	0.0	0.0	0.0	0.0	0.0	0.0	0.0	0.0	0.0	0.0	0.0	0.0	0.0	0.0	0.0	0.0	0.0	0.0	0.0	0.0	0.0	0.0	0.0	0.0	0.0	0.0	0.0	0.0	0.0	0.0	0.0	0.0	0.0	0.0	0.0	0.0	0.0	0.0	0.0	0.0	0.0	0.0	0.0	0.0	0.0	0.0	0.0	0.0	0.0	0.0	0.0	0.0	0.0	0.0	0.0	0.0	0.0	0.0	0.0	0.0	0.0	0.0	0.0	0.0	0.0	0.0	0.0	0.0	0.0	0.0	0.0	0.0	0.0	0.0	0.0	0.0	0.0	0.0	0.0	0.0	0.0	0.0	0.0	0.0	0.0	0.0	0.0	0.0	0.0	0.0	0.0	0.0	0.0	0.0	0.0	0.0	0.0	0.0	0.0	0.0	0.0	0.0	0.0	0.0	0.0	0.0	0.0	0.0	0.0	0.0	0.0	0.0	0.0	0.0	0.0	0.0	0.0	0.0	0.0	0.0	0.0	0.0	0.0	0.0	0.0	0.0	0.0	0.0	0.0	0.0	0.0	0.0	0.0	0.0	0.0	0.0	0.0	0.0	0.0	0.0	0.0	0.0	0.0	0.0	0.0	0.0	0.0	0.0	0.0	0.0	0.0	0.0	0.0	0.0	0.0	0.0	0.0	0.0	0.0	0.0	0.0	0.0	0.0	0.0	0.0	0.0	0.0	0.0	0.0	0.0	0.0	0.0	0.0	0.0	0.0	0.0	0.0	0.0	0.0	0.0	0.0	0.0	0.0	0.0	0.0	0.0	0.0	0.0	0.0	0.0	0.0	0.0	0.0	0.0	0.0	0.0	0.0	0.0	0.0	0.0	0.0	0.0	0.0	0.0	0.0	0.0	0.0	0.0	0.0	0.0	0.0	0.0	0.0	0.0	0.0	0.0	0.0	0.0	0.0	0.0	0.0	0.0	0.0	0.0	0.0	0.0	0.0	0.0	0.0	0.0	0.0	0.0	0.0	0.0	0.0	0.0	0.0	0.0	0.0	0.0	0.0	0.0	0.0	0.0	0.0	0.0	0.0	0.0	0.0	0.0	0.0	0.0	0.0	0.0	0.0	0.0	0.0	0.0	0.0	0.0	0.0	0.0	0.0	0.0	0.0	0.0	0.0	0.0	0.0	0.0	0.0	0.0	0.0	0.0	0.0	0.0	0.0	0.0	0.0	0.0	0.0	0.0	0.0	0.0	0.0	0.0	0.0	0.0	0.0	0.0	0.0	0.0	0.0	0.0	0.0	0.0	0.0	0.0	0.0	0.0	0.0	0.0	0.0	0.0	0.0	0.0	0.0	0.0	0.0	0.0	0.0	0.0	0.0	0.0	0.0	0.0	0.0	0.0	0.0	0.0	0.0	0.0	0.0	0.0	0.0	0.0	0.0	0.0	0.0	0.0	0.0	0.0	0.0	0.0	0.0	0.0	0.0	0.0	0.0	0.0	0.0	0.0	0.0	0.0	0.0	0.0	0.0	0.0	0.0	0.0	0.0	0.0	0.0	0.0	0.0	0.0	0.0	0.0	0.0	0.0	0.0	0.0	0.0	0.0	0.0	0.0	0.0	0.0	0.0	0.0	0.0	0.0	0.0	0.0	0.0	0.0	0.0	0.0	0.0	0.0	0.0	0.0	0.0	0.0	0.0	0.0	0.0	0.0	0.0	0.0	0.0	0.0	0.0	0.0	0.0	0.0	0.0	0.0	0.0	0.0	0.0	0.0	0.0	0.0	0.0	0.0	0.0	0.0	0.0	0.0	0.0	0.0	0.0	0.0	0.0	0.0	0.0	0.0	0.0	0.0	0.0	0.0	0.0	0.0	0.0	0.0	0.0	0.0	0.0	0.0	0.0	0.0	0.0	0.0	0.0	0.0	0.0	0.0	0.0	0.0	0.0	0.0	0.0	0.0	0.0	0.0	0.0	0.0	0.0	0.0	0.0	0.0	0.0	0.0	0.0	0.0	0.0	0.0	0.0	0.0	0.0	0.0	0.0	0.0	0.0	0.0	0.0	0.0	0.0	0.0	0.0	0.0	0.0	0.0	0.0	0.0	0.0	0.0	0.0	0.0	0.0	0.0	0.0	0.0	0.0	0.0	0.0	0.0	0.0	0.0	0.0	0.0	0.0	0.0	0.0	0.0	0.0	0.0	0.0	0.0	0.0	0.0	0.0	0.0	0.0	0.0	0.0	0.0	0.0	0.0	0.0	0.0	0.0	0.0	0.0	0.0	0.0	0.0	0.0	0.0	0.0	0.0	0.0	0.0	0.0	0.0	0.0	0.0	0.0	0.0	0.0	0.0	0.0	0.0	0.0	0.0	0.0	0.0	0.0	0.0	0.0	0.0	0.0	0.0	0.0	0.0	0.0	0.0	0.0	0.0	0.0	0.0	0.0	0.0	0.0	0.0	0.0	0.0	0.0	0.0	0.0	0.0	0.0	0.0	0.0	0.0	0.0	0.0	0.0	0.0	0.0	0.0	0.0	0.0	0.0	0.0	0.0	0.0	0.0	0.0	0.0	0.0	0.0	0.0	0.0	0.0	0.0	0.0	0.0	0.0	0.0	0.0	0.0	0.0	0.0	0.0	0.0	0.0	0.0	0.0	0.0	0.0	0.0	0.0	0.0	0.0	0.0	0.0	0.0	0.0	0.0	0.0	0.0	0.0	0.0	0.0	0.0	0.0	0.0	0.0	0.0	0.0	0.0	0.0	0.0	0.0	0.0	0.0	0.0	0.0	0.0	0.0	0.0	0.0	0.0	0.0	0.0	0.0	0.0	0.0	0.0	0.0	0.0	0.0	0.0	0.0	0.0	0.0	0.0	0.0	0.0	0.0	0.0	0.0	0.0	0.0	0.0	0.0	0.0	0.0	0.0	0.0	0.0	0.0	0.0	0.0	0.0	0.0	0.0	0.0	0.0	0.0	0.0	0.0	0.0	0.0	0.0	0.0	0.0	0.0	0.0	0.0	0.0	0.0	0.0	0.0	0.0	0.0	0.0	0.0	0.0	0.0	0.0	0.0	0.0	0.0	0.0	0.0	0.0	0.0	0.0	0.0	0.0	0.0	0.0	0.0	0.0	0.0	0.0	0.0	0.0	0.0	0.0	0.0	0.0	0.0	0.0	0.0	0.0	0.0	0.0	0.0	0.0	0.0	0.0	0.0	0.0	0.0	0.0	0.0	0.0	0.0	0.0	0.0	0.0	0.0	0.0	0.0	0.0	0.0	0.0	0.0	0.0	0.0	0.0	0.0	0.0	0.0	0.0	0.0	0.0	0.0	0.0	0.0	0.0	0.0	0.0	0.0	0.0	0.0	0.0	0.0	0.0	0.0	0.0	0.0	0.0	0.0	0.0	0.0	0.0	0.0	0.0	0.0	0.0	0.0	0.0	0.0	0.0	0.0	0.0	0.0	0.0	0.0	0.0	0.0	0.0	0.0	0.0	0.0	0.0	0.0	0.0	0.0	0.0	0.0	0.0	0.0	0.0	0.0	0.0	0.0	0.0	0.0	0.0	0.0	0.0	0.0	0.0	0.0	0.0	0.0	0.0	0.0	0.0	0.0	0.0	0.0	0.0	0.0	0.0	0.0	0.0	0.0	0.0	0.0	0.0	0.0	0.0	0.0	0.0	0.0	0.0	0.0	0.0	0.0	0.0	0.0	0.0	0.0	0.0	0.0	0.0	0.0	0.0	0.0	0.0	0.0	0.0	0.0	0.0	0.0	0.0	0.0	0.0	0.0	0.0	0.0	0.0	0.0	0.0	0.0	0.0	0.0	0.0	0.0	0.0	0.0	0.0	0.0	0.0	0.0	0.0	0.0	0.0	0.0	0.0	0.0	0.0	0.0	0.0	0.0	0.0	0.0	0.0	0.0	0.0	0.0	0.0	0.0	0.0	0.0	0.0	0.0	0.0	0.0	0.0	0.0	0.0	0.0	0.0	0.0	0.0	0.0	0.0	0.0	0.0	0.0	0.0	0.0	0.0	0.0	0.0	0.0	0.0	0.0	0.0	0.0	0.0	0.0	0.0	0.0	0.0	0.0	0.0	0.0	0.0	0.0	0.0	0.0	0.0	0.0	0.0	0.0	0.0	0.0	0.0	0.0	0.0	0.0	0.0	0.0	0.0	0.0	0.0	0.0	0.0	0.0	0.0	0.0	0.0	0.0	0.0	0.0	0.0	0.0	0.0	0.0	0.0	0.0	0.0	0.0	0.0	0.0	0.0	0.0	0.0	0.0	0.0	0.0	0.0	0.0	0.0	0.0	0.0	0.0	0.0	0.0	0.0	0.0	0.0	0.0	0.0	0.0	0.0	0.0	0.0	0.0	0.0	0.0	0.0	0.0	0.0	0.0	0.0	0.0	0.0	0.0	0.0	0.0	0.0	0.0	0.0	0.0	0.0	0.0	0.0	0.0	0.0	0.0	0.0	0.0	0.0	0.0	0.0	0.0	0.0	0.0	0.0	0.0	0.0	0.0	0.0	0.0	0.0	0.0	0.0	0.0	0.0	0.0	0.0	0.0	0.0	0.0	0.0	0.0	0.0	0.0	0.0	0.0	0.0	0.0	0.0	0.0	0.0	0.0	0.0	0.0	0.0	0.0	0.0	0.0	0.0	0.0	0.0	0.0	0.0	0.0	0.0	0.0	0.0	0.0	0.0	0.0	0.0	0.0	0.0	0.0	0.0	0.0	0.0	0.0	0.0	0.0	0.0	0.0	0.0	0.0	0.0	0.0	0.0	0.0	0.0	0.0	0.0	0.0	0.0	0.0	0.0	0.0	0.0	0.0	0.0	0.0	0.0	0.0	0.0	0.0	0.0	0.0	0.0	0.0	0.0	0.0	0.0	0.0	0.0	0.0	0.0	0.0	0.0	0.0	0.0	0.0	0.0	0.0	0.0	0.0	0.0	0.0	0.0	0.0	0.0	0.0	0.0	0.0	0.0	0.0	0.0	0.0	0.0	0.0	0.0	0.0	0.0	0.0	0.0	0.0	0.0	0.0	0.0	0.0	0.0	0.0	0.0	0.0	0.0	0.0	0.0	0.0	0.0	0.0	0.0	0.0	0.0	0.0	0.0	0.0	0.0	0.0	0.0	0.0	0.0	0.0	0.0	0.0	0.0	0.0	0.0	0.0	0.0	0.0	0.0	0.0	0.0	0.0	0.0	0.0	0.0	0.0	0.0	0.0	0.0	0.0	0.0	0.0	0.0	0.0	0.0	0.0	0.0	0.0	0.0	0.0	0.0	0.0	0.0	0.0	0.0	0.0	0.0	0.0	0.0	0.0	0.0	0.0	0.0	0.0	0.0	0.0	0.0	0.0	0.0	0.0	0.0	0.0	0.0	0.0	0.0	0.0	0.0	0.0	0.0	0.0	0.0	0.0	0.0	0.0	0.0	0.0	0.0	0.0	0.0	0.0	0.0	0.0	0.0	0.0	0.0	0.0	0.0	0.0	0.0	0.0	0.0	0.0	0.0	0.0	0.0	0.0	0.0	0.0	0.0	0.0	0.0	0.0	0.0	0.0	0.0	0.0	0.0	0.0	0.0	0.0	0.0	0.0	0.0	0.0	0.0	0.0	0.0	0.0	0.0	0.0	0.0	0.0	0.0	0.0	0.0	0.0	0.0	0.0	0.0	0.0	0.0	0.0	0.0	0.0	0.0	0.0	0.0	0.0	0.0	0.0	0.0	0.0	0.0	0.0	0.0	0.0	0.0	0.0	0.0	0.0	0.0	0.0	0.0	0.0	0.0	0.0	0.0	0.0	0.0	0.0	0.0	0.0	0.0	0.0	0.0	0.0	0.0	0.0	0.0	0.0	0.0	0.0	0.0	0.0	0.0	0.0	0.0	0.0	0.0	0.0	0.0	0.0	0.0	0.0	0.0	0.0	0.0	0.0	0.0	0.0	0.0	0.0	0.0	0.0	0.0	0.0	0.0	0.0	0.0	0.0	0.0	0.0	0.0	0.0	0.0	0.0	0.0	0.0	0.0	0.0	0.0	0.0	0.0	0.0	0.0	0.0	0.0	0.0	0.0	0.0	0.0	0.0	0.0	0.0	0.0	0.0	0.0	0.0	0.0	0.0	0.0	0.0	0.0	0.0	0.0	0.0	0.0	0.0	0.0	0.0	0.0	0.0	0.0	0.0	0.0	0.0	0.0	0.0	0.0	0.0	0.0	0.0	0.0	0.0	0.0	0.0	0.0	0.0	0.0	0.0	0.0	0.0	0.0	0.0	0.0	0.0	0.0	0.0	0.0	0.0	0.0	0.0	0.0	0.0	0.0	0.0	0.0	0.0	0.0	0.0	0.0	0.0	0.0	0.0	0.0	0.0	0.0	0.0	0.0	0.0	0.0	0.0	0.0	0.0	0.0	0.0	0.0	0.0	0.0	0.0	0.0	0.0	0.0	0.0	0.0	0.0	0.0	0.0	0.0	0.0	0.0	0.0	0.0	0.0	0.0	0.0	0.0	0.0	0.0	0.0	0.0	0.0	0.0	0.0	0.0	0.0	0.0	0.0	0.0	0.0	0.0	0.0	0.0	0.0	0.0	0.0	0.0	0.0	0.0
G16	5.068677246650616	6.841313695536118	4.931944570924529	4.905205463881797	8.745146317508336	4.953718697507382	5.913294524504266	4.457610914929294	6.039014695366247	5.449658639947718	4.725948582780965	3.210196475874277	2.6234928865307605	6.888033375290026	4.88820011196905	2.6834147851665047	1.0617831039828651	10.024136419806915	3.4327731907272163	6.728776267906245	2.7517293669942764	3.033849347597463	2.370649993798922	3.8811632669544873	2.14856924972384	3.2810702836469883	7.465876228914665	0.7364065381434803	3.5342286325593815	1.9735865786556	4.025384810346143	3.672828522574545	2.5821131830442225	4.281870800654156	5.826506724184723	4.716170976438881	7.086782256630534	3.3397061140577073	7.011541853773078	5.650554064145053	2.606602620748783	5.613637957922494	3.4240069188357056	4.880145914311398	3.5638698573766523	4.334501740026797	5.02520798840676	3.988785513382196	7.740071916869801	9.351861831176866	4.2811945618268235	4.280091506023011	7.6723515258322	7.227109523214153	6.721258755639578	7.562252606386466	2.7990643906835886	6.8769381935638325	3.5873930282295903	6.795246239567185	3.76615761039079	5.9903135774488305	4.872025802100007	6.5330437274006	5.102190702524546	2.8993554332965403	6.835959094721665	3.9538725673556683	5.639475270583238	3.843821943402995	3.8257230255519032	6.244966941864293	5.492000542693123	3.9179043178548274	6.655879643689644	2.0545763949405234	4.922700108291035	6.10745380314835	4.863740011147363	5.962250438847728	4.1798133472271255	7.137081514816333	2.7271896877186284	4.714639021888263	4.548494808166465	3.7805398763122455	4.396944618372755	1.340206632601336	5.1021385865717646	7.917542904928969	7.5320333222570675	4.7800549053604415	6.031992486708003	8.738187205688634	4.2180275509381575	4.082489427573527	2.2787911559343863	3.9694562564400555	1.7533222689939232	5.127135880838583	3.2837731864722715	3.90823802481789	2.201948284778808	8.522673102670792	4.215489579496792	3.219833223564104	6.40106223405587	3.930177583830838	1.5054896623199545	1.9930318546124501	5.943754498871484	3.983770793887912	10.008375110879413	4.807965877570506	4.86621060355607	6.76968270199027	6.097995702296362	5.232711859925192	4.074481171561394	5.044173401774195	1.1044843470439032	8.265518002119325	4.736410263293365	6.575284863747651	8.027397070426995	6.129817529089853	2.075435404532873	3.445680296543569	4.8698403774453265	5.197336509880931	7.914426725126027	7.785430153067391	3.849230629325748	6.832968789791275	3.8618582219754396	3.984829157265684	8.881883466245153	6.1845870268937455	8.48016949965353	4.364107080617806	7.0840299582579735	9.585349213281738	2.9944252324076737	3.382267608727194	4.070406768127026	2.891002972939267	5.861467571072567	2.8633943186747413	3.175221882223651	4.608666097465412	3.8754000862000466	6.83728217934474	7.4216480287403765	4.502574336321766	5.9472866486779985	3.1751851442495913	6.297377333467981	3.8230847239463173	4.916871219940454	2.907743423248477	5.628572387671413	1.9543248127444168	4.2571104615900195	4.242573747545266	4.706623950657946	4.8515891676178855	6.3250105286234515	5.702026602534148	4.863309469205988	3.007704416320545	3.1339508746482845	7.034188768756252	6.053828113260488	6.05899819419184	4.694110313278948	4.350957995616491	0.0	0.5343772438188612	3.9950714134213676	4.383021013582959	1.8062394983178465	3.150851517924937	0.7192144637637438	3.7968709631625828	6.049631190641531	4.503997659525989	5.922441877891073	3.0311264564906426	5.52306920103812	2.4191603286969046	4.620303933589659	5.399865217856506	3.474899318168188	8.001516125640087	4.966230242445686	5.510257706234449	3.369495748379916	2.566680617462544	7.438083392827672	5.318483016464116	5.560393297993299	6.422431286472479	5.534962909925258	1.1697019352226714	5.585263255210829	4.08083593766255	4.957768102103151	9.856489472945567	3.904472278307284	5.881616365272319	6.972367860247962	5.335076635625871	4.036030667122698	0.9989687896436259	5.818041420873116	7.63455958566825	4.401475383915744	3.829796152531671	3.399900337213524	3.9372343431039254	3.950693031108889	3.1607914093200566	4.626188700959158	4.10587209688128	5.909797557665947	4.554004089177243	1.0636491425529264	3.8663272290401083	3.6771009638607026	2.564870312703231	3.694351076101578	4.847663631610031	3.7761476503737934	5.488698117329151	4.5153690215559905	5.999550966608885	4.787466557554306	6.92861648014076	6.104371145204525	6.672342052631555	3.696948105445267	6.7503076611726955	4.342049997761363	2.9535493742775203	5.009106391655739	2.00745104738627	6.033246622746846	5.552469439909425	4.697649188500622	2.6637303602165803	2.656469269464891	2.8525739852618903	7.24573786872115	7.7638001604968645	5.991164364493478	3.703573373202518	7.0616944433232485	4.271603062143501	3.083419981242426	2.919592212136111	0.7986358569636419	7.6999025685168645	8.293569286439938	3.491053938607467	4.855512592835534	5.877999321998605	5.008026159488427	7.776474530204055	2.766779419288134	4.549291676062444	6.044360049803149	4.972829313886807	7.833142149404093	4.18940997352053	7.6780186658912415	2.962469146214974	3.001717409177966	5.258803462084009	5.227374292716343	5.72706296065309	5.617115697763235	6.087084447268232	4.841003754863114	1.9354275500433746	7.546140308503428	2.4544746259738304	3.202386491307062	3.299695858165044	4.286874086197388	4.296289612135882	10.831205412253793	4.2836185035851	6.724177768971215	6.017869894774993	10.578249842647333	8.817984899445339	4.974120866721225	4.129204007466639	4.977130923900556	3.530744593894219	3.9146112308426604	5.330433687970985	4.294146344392448	4.1408188279277445	2.1192219796493186	3.2051846607311467	7.910953006463651	4.876138426247463	6.052593335311639	5.825464525108306	6.67445212902006	5.789496302317458	3.779195591236213	4.466069701544492	5.126810468695277	5.513268456650078	0.0	7.203384769032137	3.4375690976996243	2.9960272523881923	4.137738264150547	6.381152253415617	4.80718484491453	6.008245775731348	4.951696589709022	6.023190958486059	4.923978828888558	7.70563686835419	4.961719773996771	3.6752526320518073	7.814703337792031	7.8971861927800155	4.996992790466129	4.799735521335422	6.970151516442059	7.880825938564991	6.33838240288925	4.03653850898587	4.701405638210591	1.9845848418916283	3.462201581978209	4.635094116202372	3.1161610070083854	4.841888276068054	4.827281783505194	4.059411792877741	3.3309759899985334	3.8756213540477016	3.7949722868467575	4.955622250166812	4.9841369478100335	1.2932285001766848	6.508728851362213	2.9325265043349926	2.654788239476331	3.1222332910971926	5.273904891084063	5.305413239338874	7.831841879284496	5.079029752891109	7.473499331432834	5.7957163007214545	6.432804925945532	2.4508062919227678	6.906844429419722	1.4326729698374994	4.386495601982512	3.0999562632136657	5.053515835781632	6.204419308989355	5.022345879766679	8.710453351501858	4.860221906343648	4.8723895160753	4.906028161404074	5.577258826862872	5.254226048286717	3.99256530813111	3.7385305735741516	5.956790438970334	5.726153517496186	5.774417967527753	5.465166036461	0.971055319529056	3.6111519745901868	4.7812447856366775	6.905424986999706	7.552299301112222	5.10135961332463	6.7313823496694765	6.34182608450637	4.866723300793089	6.717437778502291	6.34902275754582	1.9061542660076047	6.208834526815533	5.57247817408203	6.996482606818115	7.0382986752374475	6.29941699525783	6.599591460122925	6.391574105553477	7.537488694580613	2.4413808208302243	2.7108148447863907	4.586662469940088	6.164435997181778	4.753113904781052	5.071269989068629	2.514474288758554	3.9759824155796895	4.827984804193322	4.952459826335531	4.296765862205749	3.240409794764632	7.228253631915884	4.168140232922707	5.756249906635066	6.597439366064256	4.736177830214352	6.084723273363552	4.05038189454515	3.880421551444278	4.42007292070322	3.4812736738880288	4.715764183743771	5.273969358394588	5.352617877984541	7.745455481690585	3.078378549139462	4.984953726850556	5.922073648698411	3.9460101566031462	4.67529352689596	4.87379459462872	7.965841728223606	3.1264761370536704	3.889031705955481	4.757370575056064	11.502598053383046	4.1555686787552855	6.610352588399869	5.561080715471443	3.8800134801648327	5.991180914263382	4.946211453123176	2.0992837331290692	2.7704199290954183	6.31934221966349	1.9415777004354968	3.349067436164626	5.685731329365844	5.752643273882834	4.933098925672369	7.951439402580206	4.945842090939788	2.9624885866930346	5.496250644960828	1.995587344884071	1.6792364577047687	1.8237008551110154	5.152077774677436	2.67731919979979	3.3408908083914333	2.2688403957167855	4.183042696760246	4.064904840649458	2.9758506009892085	5.9850240265989605	5.412683858120378	7.163767678486483	5.439596572854947	2.2870528746269447	7.869245398428105	3.1431418930778388	4.5901863353553995	3.7465773823943063	2.0018599323285833	3.587898237728761	3.503692589008073	3.8670612583320247	7.5649345756981745	4.191871342877603	3.8228567271414486	4.1006768968758704	7.6333563985155255	3.0208414895645403	6.538170702810359	5.464153543385347	2.7698219813254257	6.306493438330464	6.226377886593901	4.688592994860423	1.9225228658786555	3.9728956914399562	7.361421349070646	6.32091037415411	9.527246125609704	3.798892793910591	2.9192279873834996	4.826722031292911	5.874518175561101	2.305114235206071	5.0426120446877025	3.7553334707863537	2.439893454573805	6.289086929512466	6.381437048341097	5.239776170139627	5.090650478628528	4.003124563815165	0.977508457796916	4.806129936821817	6.846470557425243	2.279507512787335	5.752482038687705	3.7682573122178518	5.34491849131186	3.913999770242645	2.7360654185620756	9.816983175807218	3.9588475752555286	5.896354697179745	3.952171910251613	3.729657430006722	6.00933965728078	7.068240684750105	0.7617495226395111	6.7642680082264395	6.972628754579507	5.444749024639462	5.04481822541308	0.0	8.854017609826302	5.611537526418885	5.063294875479068	5.7785805000664325	7.403460784406259	1.7311023886097836	5.508968686912951	4.502965947596603	2.9324257277592656	4.880270291951202	4.43404288332365	6.825018362829266	5.796561941695174	6.911691237601082	5.352845649504106	4.594149211487852	6.025566150672907	3.5192252165789566	3.196110581759716	5.747697052916228	5.868737118402757	3.5755000623400193	5.965792736181683	8.289016394062646	4.649899309558853	3.5497209637626765	6.122873450070456	4.40590952835573	5.9383105743553415	5.027506457651282	5.8050231353374695	2.2787467764799443	1.897784649977506	3.931787634613131	3.0084481207683864	3.086230167703097	3.0152461797907493	6.822659938588677	3.9202162824548004	6.204663690178572	6.1780507428054845	3.3843509263604052	7.788100913141232	5.325143662584353	3.9075133361870993	5.34666747619372	6.01445264541184	1.9198879590744797	5.798969711572892	7.829033204223143	5.844750530919334	6.681473425050801	2.537434439834353	1.976452543869696	4.429195958454218	6.970480636606204	3.3934286376856155	6.951724605752337	4.56673888846894	8.543952894207472	3.9679340820927385	5.738427719489565	11.61715532051071	3.5646931043000523	6.5252553277078995	4.501503515181215	5.934575678030738	2.93803071928366	5.9251805651368485	4.867301597207225	4.805064906927491	6.070517355109826	6.028462861579173	10.934114571570102	4.859038247460802	1.9039558094197377	6.6798782133689105	6.813922673511938	6.8299270164910375	3.7386324892730936	3.7847055696661847	8.908964663300486	2.8877806693690613	3.2669093740264983	3.0389996496567284	5.343368774990166	3.897464120247006	3.2240661071883663	5.990911296791735	0.5288243254789137	6.4878501984980685	3.1967717855116673	3.3357243141240356	4.005270471688994	6.299225324137468	3.9109045241041906	2.5329806132406025	6.52753092935051	4.497595983135254	5.620211915354655	2.0445417715167977	4.010868698927864	4.770407859931371	6.044314700460626	4.237721357808929	2.054304854047651	3.7405341116979356	5.11623704890201	1.3512665042067724	3.9224153065878533	3.2006727860127646	0.9837097055907928	5.793422171455342	2.840147108057105	5.108458100465944	6.839880325816353	7.532738546246398	4.478839967026203	2.9539469424321756	5.054312527092994	4.890107358303671	4.411404448613691	3.831952381090831	5.72963355201878	6.05957941730243	5.623180648117154	1.6668756103398623	11.706479754456293	1.94405248973025	3.8600965449067717	3.6551083722881383	2.898737779490757	8.761993380913372	5.0482249575611045	3.948200719286989	3.5409123865555054	5.835460919493675	1.5449330802831778	5.349539786986663	5.536921977255885	3.065510974662453	8.952444353227833	1.9353058353962556	3.0023379581777876	3.707304971687054	3.889974826428715	3.161749805617491	5.0037498519473065	5.763959637173717	2.952829309544368	1.001515811600757	3.209060175953277	5.851592441890655	4.203982945701507	9.468288700122612	2.929625317481564	5.853517075308642	3.055709061800194	3.962922632096775	7.534282095415037	3.5384470022218717	5.955224517475541	5.809394727712428	7.474657658881586	4.137396396340293	3.5996357151225884	6.950859959181778	4.4164613072017715	5.1875632684784545	4.0399705809516275	1.3463894695249614	4.991876564008164	4.999035424566234	3.752409266894059	5.584004283918543	5.8325584436593205	5.53176915995341	7.159027038639682	3.092425622492223	7.426673342336832	3.524507558287434	4.697501467154075	4.234316633469032	8.667778089301116	2.8146432643632493	7.964920051290189	3.3211934590675747	2.839594055934353	3.6764903679552603	4.534002034624727	5.534480351135201	6.10278987333658	2.9697076481624487	2.4529840241856293	6.837672894444353	6.8866115836372295	1.626984461597156	3.102688863105329	3.876710157643149	3.396153096545536	3.0228142745624087	4.083178072504371	2.380997317282186	5.896705684479243	4.4329924838513275	8.370394900753993	1.746037172523779	7.058241173816154	5.365878870925723	5.609465607881751	3.3732711464300245	7.326882329508198	3.4019731206520643	5.95256130019148	7.431028149257189	5.88767157781816	9.85621243935705	5.872906488296426	5.561806188229978	4.88153961789885	5.3301224959935105	7.020989000950507	3.043312775224591	6.917762147098619	8.528980313906446	8.394730958271596	1.8769526739248288	5.537663182300597	0.8410457981873282	3.029529995540009	6.692184851079407	4.915531673160526	5.358152537441414	5.290227105751762	2.9802970434292586	7.5395498976645206	7.14011787430205	7.976766459725699	5.42247713241233	3.3793008366560824	5.833790486879619	6.826040229568124	6.844581293704655	5.890713701485299	4.384187706464688	4.02517113697858	4.168664428508401	7.867299461520642	4.968163141410971	4.203271926720035	5.9465634460247525	12.764599376023918	6.856997262737771	8.15880247510047	5.294291850316661	4.5801930012152265	4.942475935775205	3.1892309292327443	7.104857462773765	3.6299580356863403	4.776651210935907	3.5575241177195185	2.744034132538459	5.481218314804285	1.9684576642385347	5.255877583111323	5.521765540269179	2.957468343162439	6.033444135765148	6.834808714545947	3.035500557452329	3.2122905284477934	4.808825303161598	4.560885357324074	5.710968677876878	4.077219437247924	5.738869482011829	8.43452723814248	7.5600107497702975	4.472441894939176	5.670094082594828	6.942208249436348	4.839071898834587	8.127946479431555	2.421903653841625	10.269265910190075	6.581263081263979	3.722568611213418	3.2977818739918714	3.2269886410465154	6.575826117850023	3.2668308044899286	6.9232029669098285	5.738198097718012	4.315719864920994	4.54151628369367	4.878441769754846	7.7031350152426254	5.908839249767771	3.90072170378674	3.4391409132017965	4.897471747269894	5.311222937607878	6.727442302240827	3.504061053220716	6.532783826971227	6.452478540912069	4.8146010216514235	2.7070066271516064	7.203611160544116	3.932170449699316	3.786743446112354	2.785496804238438	5.099243506712475	5.318948439426607	7.731569741498106	5.644497850016051	0.9640561951483195	2.610214971386419	5.779448235776465	4.391215229019953	4.757797372652724	2.9799413952964695	6.400708726010539	6.386322190984474	5.450316886674247	6.3382500593014655	3.7553868309330953	1.9981284460272108	3.8856633663542475	2.6523500667028044	4.872626988989355	0.9953288345567771	6.782123619320799	3.0131397522345083	4.486801793726949	7.715214159709808	6.954501761834308	5.073750300288222	3.214576778233773	5.003448412834828	4.9993293317591	6.870945827053648	5.522967191599692	3.8164590367127538	2.9327685417971163	3.3993125391776213	6.079959786896854	4.53476215112457	4.523645106440406	7.922238824257733	4.112528616347798	3.6301791280901745	7.587722613916856	4.1482185365615	5.975322749307762	1.5088420539572907	4.7472996482378935	8.606409872571286	4.158454164052789	5.359622787137427	5.432448385014798	2.97142614297976	5.28662954954006	4.0410844223403055	4.207427952530246	4.043500416024643	6.885170276892897	3.8631201040503327	3.158824812116351	4.959096822687711	3.6921284244954675	7.417639898404494	3.9129466864711118	4.5677712313595915	4.6556898909630196	6.8397260645660065	2.8816278526090584	2.861070152391479	3.1761386110627066	5.944197111318607	3.456839505943398	5.993751435306375	4.562487462291539	4.455452968164996	4.8929044513810025	5.660020850575124	5.945692760616639	7.3853637380682295	3.5128596168178894	3.184405596113196	6.299093639613759	4.892542855836562	3.934267273992383	6.00143375588075	6.906930942981343	7.175589716568143	2.46090743273968	6.106491072011643	5.64101035821571	6.136361311263564	3.2395913798831253	6.517358467709364	6.063403319660718	1.51894699647286	3.919529914086826	7.582245782348629	7.35825882940282	4.9769129934164065	4.8350471974080795	5.861366174645904	3.4244213784630877	3.814223061099815	3.9586264640749764	5.3846142296920085	4.915175165235243	5.281462415282818	8.881763941672707	7.692706944911698	5.676072007139147	5.776777689732351	2.972793087481261	4.964172530673853	6.502154472858689	2.9457989533575004	8.526542678664816	1.6122896661219979	7.041167224131215	4.179756083114503	4.871733757733319	5.900356178395195	4.771494991280104	5.565921999782581	4.144192654063921	5.65627248512482	4.835948184649206	4.146214704655537	5.892883612053942	2.926060082615113	4.367932008530307	3.9702147365061804	8.774106502183216	3.484801975592689	8.742835121050856	5.293525316025585	2.9127638072893975	5.884861901058723	7.572619690489145	4.061147053760696	4.23466534819321	5.839791230489658	1.479041066660332	5.826538791732846	5.2501333404451955	5.022626811339857	4.711971310716135	5.015680725729784	7.4310503130229675	2.5257612877999294	3.724062126055632	1.9585068632087084	2.8435348899544253	5.246405097288351	7.07786195276307	2.920908956840037	5.04283224296068	4.039627225133666	5.072181368141878	4.165687738326948	5.913595623395285	5.60489266462173	5.832107496319896	5.255954019341534	3.880614314663375	6.676407534942549	6.915498259620387	1.2383903089074442	8.195857881935451	7.611770024084632	3.2784571008257015	6.8001666794359785	3.957019209122148	3.2964938463024653	6.634623314874732	2.3612131270246035	2.3897997179315076	3.3221472139911317	1.4169313831671742	4.830983410069366	3.8106494293501867	5.274825921282716	4.699671309335473	4.567453246371704	5.306269852448066	4.897752555716384	4.955165750578292	5.96852373802469	6.831813425680661	6.494489673370235	3.7959991166733515	4.849252460152701	5.840529150851041	3.332713160541912	3.895548925338858	4.875184992267031	5.258599328773518	4.854196710737424	5.232745449049557	3.0650914264436673	3.5605547885534015	4.686914612435647	6.406288400427191	12.655451433511251	4.327797688320867	6.6235881059520905	6.221575968630346	6.9379444617370165	6.307107953459515	6.452132114690536	3.4155420949368267	4.2502518339057325	5.646298665690948	5.340775314566877	7.501731280269293	5.311989115648097	5.1470365790381285	3.295715932283829	3.626209268155948	2.98674401730506	7.4743565347252705	2.918524910296032	3.9154567344323556	6.020588994376245	5.906093948652681	5.849716824148797	5.018094700215202	6.046299864235002	6.170963656138519	3.4908281223193858	5.3645647599083555	5.788067069817941	4.865976597276693	6.575056308265934	5.7825814345599404	5.220032704248094	2.420019265573506	9.345846772985118	4.674067943980586	3.1786856215408803	4.725329752792205	2.9722334461565643	0.0	4.668323937935429	5.303104682330962	5.849587093412511	5.942341102939301	5.006160820569274	5.889872384834456	3.9026041534927485	7.581329126107537	4.966601125138392	6.1562402185415515	9.213866894155665	4.895254588248674	2.7911467549974325	4.272164999157303	5.337960555615959	3.2133848778659417	5.924862775983998	8.456884652725185	4.705667741454435	3.9176279118844963	4.150778738191914	6.895578856447562	4.650721318261162	4.881593365477921	6.095539455154043	5.879178999077905	6.526246205912247	6.140921331587224	5.570464878468922	4.255738279075264	3.4854265296161295	4.932591253702545	3.248271334268789	5.40666898280206	9.500924046582584	2.512706654016339	4.603623566887732	1.9917221692459197	2.504623376966506	9.909910403208999	8.02811369247585	3.588749378032629	6.142428606146077	2.5897838969130493	4.666490709017427	3.425228124906327	0.9667118152333944	3.959771009708982	0.7836556896548335	5.3419210694818995	3.050317865922706	3.0214485501602564	3.8930308000411404	3.3497288241229235	1.9855427326581503	4.591351891409614	3.8572445092892877	4.712864593367474	8.671741809505031	3.2923619265947606	5.050012808580601	7.870245747989565	2.9514175541910284	6.98543311907449	3.333604663278838	4.840162129475958	6.662670561564549	6.033564804276435	3.777694126076768	2.07547797958041	6.638094391000639	4.187286361734432	2.567923917053903	6.286391177175666	6.329858889359341	8.308897862800691	5.5165673918080955	4.442361193415994	5.721224308597382	5.8157640439178016	3.323965237848953	4.740017754665697	5.948668252866699	5.08188425940301	6.616697810704012	5.295535187792295	4.057061637426765	7.208976410422568	5.52139156262465	10.784660422947093	3.4101048010169124	6.843176497140959	3.9914668364963752	2.5892630103817336	2.0135655164123265	5.878647291201407	1.945233129669334	4.000933928176258	4.52127014235607	2.9544170284171876	5.3011323246921265	5.868337211592842	4.507301151810568	4.741009629782684	4.757531853817431	3.8227023639094946	2.9351333268261652	6.822265614528731	2.9633686705604316	3.322937160525128	7.101578326754779	2.5232899867627525	11.64086056183543	6.930985927197606	3.0826061015359367	5.252198918798049	5.665867434721719	7.5985259873817546	5.501505080512047	4.304868684873668	6.579207024688766	7.04484705372313	5.897611229521927	3.2801667448696814	6.334950678821662	4.7619988102210495	4.007370475393979	5.76512198840895	4.842221538101767	4.884287817351816	5.820337120146717	4.385591722609558	3.0046189187775667	5.103477099960341	3.4219136938785986	3.775996687183203	5.784341499424084	2.0462085759001662	6.641125136942359	5.351713727044422	5.006493891847855	3.165163152477369	5.898747333899916	1.495757566153942	8.652533922142624	4.789871043450551	4.207786970818846	7.523510512491056	6.984191571857481	3.8027439127608287	4.740524189337996	4.587827518229485	3.4474874986545196	6.422484798044712	6.983443056692048	6.702490672993493	4.833975970100883	3.9466882041342206	5.712099607868376	5.698743835457541	4.965391563234412	8.652869704364457	4.1738717491079385	4.928679267165154	0.9633700234050554	5.530702052668205	1.7198017600318598	5.284836416016438	5.046622686951675	4.996415053797677	4.738329746436677	6.039222096103912	4.860073715558787	6.219552581267426	3.7748481752902716	3.916386506308268	1.9223067567026455	4.203555350250455	4.788959726309554	5.960415466722713	2.577148035520938	0.8342479232295761	5.447597660868285	3.940771839631551	5.34584293957009	5.089242164953792	5.227803625776024	4.517146611065844	4.981372697030036	4.664107115825403	7.699375529559973	7.9085495131995955	5.029060517761265	7.794445065810534	3.850510496039628	5.97006559700961	5.503705852044221	5.879884406966693	6.716649511674349	4.828749704229292	5.8491017247081585	2.854310919671949	3.25602182891814	3.0244777590852565	7.765119306357022	6.7335590676183035	5.9857098175868515	1.724628962016617	8.060343150828478	1.482537064924606	6.689932513973713	4.85304271862398	3.52687572320957	5.283990982443626	4.861721439593677	6.515670111949638	5.883327459906931	3.969712496036394	4.665961141448458	3.1373527245344826	6.22346832616134	4.928067033523887	4.801763113977026	4.9638261309925955	4.524239247618181	8.214418916478765	3.8454225370642474	3.309851295123666	3.536285966246373	2.879899138694517	4.662315832047749	2.745271424734004	3.9206372132763647	4.120821387966475	5.516879776848828	3.5776341319299685	6.004021484019732	4.729756645571157	2.7900948733342052	5.426684866179006	1.694672166802324	4.076732774235307	1.5172411549276088	6.814841252569489	5.981348799797512	3.138103629614049	3.887037190305724	4.738427743501787	5.842941030314307	4.093779565857702	5.897999479472523	7.838720539550301	3.293608017135742	4.722380730940629	5.742179816931262	8.81085060896897	3.8880710539238477	2.4712851724215756	7.382016192431627	3.957560585002619	4.798214829883868	10.010809812403789	3.690077295485754	5.2064803516070075	4.176798324064087	3.37250409406055	1.5803027402293297	1.5243553483747583	3.302488057347361	6.086009715193085	6.805668037607193	2.4299680863841937	4.278423463130306	5.967948592846574	11.4139870744478	3.5252727808898334	7.586195806334853	5.062899950117286	2.4912813797019417	8.764121168158232	2.926146350874769	5.768797624227379	7.420116292642077	5.623249928542037	4.9491649439383325	1.9418080232160497	2.9054593296822895	4.751389237344401	5.974638735897373	3.0815312959863665	4.282672061712259	5.1797507237768885	4.8465014694711535	7.690595493389237	4.0639104703196285	6.226466146284588	5.549803389659417	2.9956048357604566	3.5647634417361487	3.8895444049754038	3.300522483625027	5.427536649774859	3.9692890767059152	4.712384705404986	8.898121255969972	3.980403028605204	7.56617520440173	7.914493629946773	4.216450512504821	7.870777516195961	3.374926349336639	0.7261325876748909	2.961294097511491	6.535695044031672	5.258135264891631	5.649240931028875	5.045446810527442	4.805157681535732	5.159091574896318	8.248792797514422	5.59389339308521	5.682935075887234	3.9210646220016843	7.058021443882051	4.5565802504295805	7.594792732298545	3.6449988969348177	6.756315598038643	3.2695957421021924	4.560444375779597	7.040786822145234	6.791318242217857	3.67660862247832	5.665423031439782	5.86607122257032	4.7245397272287875	7.969011422585655	5.667555671434678	2.5851897017270797	7.405736845529478	4.473116150689852	3.1098218961544637	8.304843774955012	9.265063100445525	2.7276911236157706	3.2439015010652934	4.524273533563083	5.919117590745492	5.19998411099937	2.816926842293489	5.50514170147146	4.416349723336463	4.285354181368203	5.536195206408819	4.49369494353567	8.534987778030525	6.705226996161325	4.927408919819455	3.357339832664376	8.04081847455423	3.563349144076212	7.846545819007993	3.146702840909588	8.15787102546329	3.2185122739003718	4.117245133473673	5.7786192761672455	5.651447925749516	5.741809536167412	4.18463709031372	5.314580177989064	5.469138218128602	1.3581657593227707	7.2197420764133025	7.243223228712241	5.602738453331626	3.155588138719415	4.56145731389779	3.895661691793816	8.177500364841578	5.956074046354537	8.839347695272174	6.54305372374718	3.457532472555586	2.45722133210337	6.752522827231899	8.57645346792333	5.401501159145268	6.903717772204154	5.733266650916745	3.308640700833945	1.9127901969596366	2.3860721840043118	2.9160744253796773	4.8827682994389505	8.916837476589189	3.993743598558722	4.619585662142761	3.7419489686697336	2.604231930263046	6.882252669729878	5.039077718204347	5.494577254443864	8.883061922501247	1.671886059455894	3.4268294191179804	5.598513766554303	4.654704621993314	3.9326623248937884	2.3040614067121457	4.702172293104822	4.326755902020781	4.782483010728365	5.487894832586876	6.968473101248533	5.528953657262992	4.7079100096332045	2.95146266020574	4.021493669468365	7.0277003983019055	2.870545440027795	2.3701764907323737	5.777258532717868	3.854379688846046	1.9824935683746405	5.21292410506236	5.1486668289038295	4.593854203837444	3.183408501706831	4.8394932987737285	6.201603169304221	5.983921303831289	3.361409600383022	3.084193067014471	7.208096392033949	5.683179905529557	2.9173178726493183	5.190544215445784	5.952346732632366	3.6434374287993103	7.254249186874169	4.21279525123459	3.0534859923944393	4.925084088969919	3.488322916023556	6.431778470749377	10.511500260206109	4.431074788306977	4.584348919049316	4.913622101551322	6.123511258825574	5.977953154552763	4.5878466070884905	2.525217686312592	3.5105236497766126	7.61996751979205	3.1875220398624857	3.9432718441472256	4.740284777333414	2.876775343889413	7.724898208995126	5.0023567325294716	2.0180475282180943	4.695906138869039	7.356767119268188	4.959990843248434	1.2071258059535344	3.8942901056783703	2.740644396172736	6.553507622454465	6.0428540568528595	4.7732912118872	5.4276839352395285	5.810628541230556	1.9413875021890425	3.9502416981486057	4.715975220966504	3.681693759894741	3.9544495861576543	3.3753599571764226	6.82731686162706	5.140990709625312	1.3322452146199952	4.341361262300188	2.917456583223875	7.084820988459728	7.357043416861534	4.8732831320050565	3.972933942869465	5.471597902920832	4.963683836246776	5.507974814949915	3.571894820101431	3.5720471771603792	4.715973128921893	5.956517162754788	8.572264479526167	5.045074793700947	7.871530253440512	4.775899307789798	3.7375606278944544	5.394307270423917	6.30710802660512	6.265005647211195	2.6784247699872448	7.212137241443548	2.9253610468686575	2.509855584900672	3.8957047992480573	3.027004981089394	7.80764029857499	6.727185139886174	2.965093747909655	6.8104110663471085	2.563815077942756	4.803341991517466	2.6213044463481	9.78748570531273	7.162309509880791	9.158697550700097	3.3377027188790453	5.60639436343072	5.032731972464024	4.29771032025727	7.0793264349983	4.573623082962271	4.098405772696832	2.969330544849504	5.466104724610643	8.194085320043511	3.9051324351780514	3.1613707594089377	6.549587629474163	5.958011653615147	5.060279294138691	4.851260317084673	6.877574183167568	4.008816494445142	4.663666138012113	5.030026115288096	0.8521722571907548	5.904380845494003	5.001720661286059	1.8644430580820652	5.668843121707911	4.5878468825105925	3.8903551030432273	3.576207744049308	9.768059689391345	2.628449742873028	3.8450489716514635	1.7063457928700008	5.742027613571456	6.9357328394829985	8.690338940419286	2.5451640665640802	5.760593920398902	4.661142495113522	3.823589970589737	4.096418106800504	6.170805545909994	8.859015306672857	7.383709596282813	4.389857354269665	5.3864318510750975	5.882760470064324	4.901663681270631	1.6971234485482787	5.902464924975219	0.6554578240940555	2.7551668406068863	7.405913453128803	4.018851202034185	4.760427937161494	5.843892438938762	4.873549044837439	3.3522308887859014	6.6014717158413205	3.837625677709576	3.8801967367150527	3.0644964107443076	4.481767048589815	4.438136278970185	6.99067698330792	3.917945067053518	3.304345166946031	5.378266831891706	3.4469669586408846	3.3170964577654574	4.550719799191474	6.792466354805609	4.851194654749667	7.746475730302052	4.4472635301954515	1.939110362021761	5.050520992000111	4.173738878697292	4.47147469816114	5.862241472735531	2.7311014240212863	4.861520271581324	3.0025019331843676	4.233375984031429	3.889043511528803	7.252971438464383	3.753804378888089	6.243144548157146	5.898469480207342	2.1278840057588906	11.222825346476528	5.976749162126502	4.9371473691966665	4.118371957303415	6.295141624371663	6.223548752627465	3.3630402937061366	3.825919101315432	3.4754144355937373	5.805725742078867	7.605686024974171	5.307098336008756	4.966215900688238	6.182839567098548	4.8958517288902845	3.8342363786327187	4.825629894155485	1.976647702023872	4.2732423428081265	0.9910774743578078	2.61767290407134	4.302572538156035	6.720918263672814	1.6962914639316065	3.9545094006684667	3.4721004300151557	7.804828904600554	6.211924958066562	8.715328080890291	6.8518637577921275	3.7994107647466855	5.102808241305875	4.373347125333501	5.623039167246737	3.328305044980425	5.744167567056905	5.615867435498796	4.000224982968258	4.533286601493553	15.585905546684664	4.641771024557596	4.6880520596013735	7.852105854745271	6.941566860717789	1.9512790561882516	5.022607769159959	3.782225295353901	5.938861487010333	4.93560185194305	7.297881584641445	4.927604195458185	1.2803392230264097	2.3388297197853296	5.925741306703435	3.7863665128513913	6.086240617467003	3.8606039060737114	5.706114583787868	3.934350852223197	1.6745033815323225	4.90105066470891	3.357987420199572	2.8195405651849885	6.639475858634938	3.9340403470151193	5.655203287946667	2.990743942066422	3.230495119542777	1.6770240224137194	3.337431989870468	2.6365375438684646	5.829721956113505	7.8084539187996596	3.2524442692910207	5.879594871379191	1.641098995075442	7.342884956879167	5.874370721201511	6.119264533686455	5.330600975480215	3.182893766348063	6.7417266135673195	6.28798661520948	4.80064519362127	5.246800924520259	4.035302190840984	6.357998171890539	7.532592646111957	7.110098623478422	5.130820593299426	7.561164154200848	4.04644756057371	5.895283153812051	3.242446914371578	3.589918029111019	2.592723559265495	6.865268110447585	7.806980915243159	4.306904587781371	3.7305866832931485	3.1502354316625776	7.087123024056662	2.425583056343535	4.306401903227884	4.461609196635495	5.6958574963515805	4.0283377379148915	3.8122965070957338	7.807556138731134	2.9281310238334948	3.973420139497237	4.574210986864216	3.241068273402082	3.975739316887607	3.371731767470788	5.5948986894064525	6.977275297120828	3.8944826748735046	4.775479311125303	5.885306716614744	3.9705012553095718	4.6719574398324175	3.6060925678374427	5.0455664615736255	4.980345176241946	3.881226413244664	8.58312997898516	4.586434730723219	1.2988016189514053	3.6905293218331634	7.264566060471748	6.4571861206385375	6.746889785670061	4.960870396784943	3.9351768161575413	6.214316295413673	7.746411197630928	6.6339568231408395	7.117804336982453	3.1421151132415575	6.345856051496395	7.625766061996406	1.7391574377275778	5.565194725051837	5.491952160360621	7.491339419333136	4.72653695151322	5.698056910409619	6.060551421106759	4.885777742289434	5.131826281928197	3.704853496128248	5.00126930531317	6.405319058450125	3.781995316851811	8.171806419452933	2.959329737435039	5.276668768344869	2.111358182236045	5.677258601143663	3.7988903272865144	4.813731379728273	7.972375780762313	2.770705011977242	4.009290852922542	5.830062248712953	4.926831806451268	5.519587971381814	1.7840110312154718	7.248696144032861	4.779294842455849	3.4458160898391075	2.924575136121642	4.704890375235867	4.002679082754701	6.442390827152205	3.8586736639090975	9.007297758109328	4.851642532513896	6.056618065183122	4.607836926212366	1.9336681473578996	5.119818532026883	7.046250489083944	5.7204828707127575	1.095227171295547	3.6045359484463253	4.708139685430268	5.12999317205919	5.0833700662496835	6.823414445360931	5.004684621269784	4.362619079959635	7.524787346550894	3.923373172381755	2.7218897997449725	3.9899764489732132	4.534978187189161	3.939650084269033	1.9588410177678868	3.649758271244369	4.70488857125842	5.953405391282852	3.2275045720868536	4.913752455254429	3.9305675022707467	2.2611981755933366	3.90140620968751	2.8318304113219424	3.18127780110566	3.0564137313065793	2.8798347789056917	4.263357232193305	5.879503097643321	5.287403313603159	8.055715742675037	3.2628617548492906	5.6512013081640795	5.631445300863888	7.954075147714941	3.729093988442155	6.498917175143291	7.151258767366113	7.109380452184483	2.4630613174226346	3.9636742962232008	3.8903224807395267	5.869347295908941	6.367397078304259	2.337547559736403	5.646503083100119	7.0982159316890385	5.644288603489381	4.67924725299632	5.771049195026397	3.9002359638505384	4.85427649560674	0.0	5.0523687412428355	2.0076095587458265	4.591036053900002	4.405864135352393	3.6798303538234953	5.386765662572417	7.286514398327712	4.325444565247399	0.9756329891486978	3.513785512385994	7.167610476483517	3.5296145218383996	5.297691364923551	6.419920693467873	8.431992232335276	5.723635980461335	6.520215196812417	5.8560903946492795	4.889400072656665	4.284479302893115	6.919923267253025	3.8280385808669775	4.8964379376526965	3.616707482918949	6.152852075871043	4.95598173188307	4.645329250739928	3.8570454446593305	4.1774775946048806	5.834833150766242	4.53817302057478	5.442307876966858	3.409452582224011	3.1112769785905194	2.916194010202481	3.2248435215872147	2.2818050367114644	5.306485267069971	6.963399252981649	5.554939137140434	4.1435708953999155	6.838194445875073	8.419973586457626	5.306104591359855	8.785950755852273	9.995324336497744	3.966147128358016	5.217740468376517	9.249207470777835	7.961478113158692	6.282101511272951	4.957485670517001	5.047371110154923	4.89937512570736	3.6872565147886034	9.713366882044083	4.438260629004632	5.516137805610447	2.8035300325964068	3.706293767790109	8.089034892912316	1.9513204764092624	8.969630273959039	4.730746938848024	5.007997592426577	4.57318515786146	3.315972218875202	3.299246480804867	2.9317017068503497	6.6617229275641625	4.977396229860853	4.856197121193131	5.240524776011364	3.290528275688072	3.89588977616905	3.970424058273714	4.891852109370719	5.783743392125659	6.0563165513022215	5.8661059905254795	6.483234500199428	1.6179463009179293	7.797463185590405	4.937992694348584	3.7849388031373885	3.116641781765955	6.787227307682258	5.726768857520107	6.701388731462721	3.2523233579989146	7.2487901881143255	3.9138188069288167	4.976759678433892	5.139834038599192	7.188256695364016	5.50433417805302	5.1747314634002795	4.425442861189148	5.381788894345537	1.4351806657584818	8.410558024410163	7.738829985981559	4.800499067400961	2.6097053844555718	8.35203413201028	5.633106716874077	2.9291642528839037	2.59970023372746	5.32232399856891	4.6533218125650055	4.618325924007053	2.9883583824855022	6.43591028761937	5.243585040576636	5.830166561778777	4.947733848744709	2.848665808459719	5.824560661432299	8.598620374565826	1.7769437741480234	4.970515064526944	6.28078299293577	4.125980516856877	5.408613054847571	5.717475384040405	6.499038465172219	5.8301867391777815	3.2390649630744943	4.2944298582196785	3.3400703152991733	3.2964371861027084	4.716703010851276	3.5285260823308917	6.072603139640949	3.6562602449129424	5.6955382926287585	5.191431868066232	3.5536706153083837	1.7170679794073178	4.904581063105345	3.9395337722337804	2.3199911030219633	2.739641916219615	11.497402446657233	7.6413357868714025	6.95774793976172	2.897252190781688	4.942882366696739	5.86899794151757	1.9561865284573767	7.137760442337439	4.653844495106112	3.431811107664441	5.887103680185033	1.9442722078609016	4.992492922006102	2.192968277777924	6.803063494886848	2.0785441451202993	4.914928956233742	8.611093243146508	5.337252209409736	3.939153980089368	5.4817341079529225	3.8333058860492146	2.487959281553439	4.4399748358794096	3.3915347155179134	3.3613010021476666	7.97763129157294	9.100697753318242	4.4886360139109	4.574554174816646	5.8968478079377125	4.943929288897937	3.753586660110432	3.5513415873647913	6.339193476210685	3.8216305642242	6.262228653029561	3.611551775258934	3.864647424848721	3.8731954651652805	5.835228893420404	7.18055204470724	8.626745745659344	5.228449737638366	3.3115791526993554	4.928679073381529	4.1014230529378315	7.016302166107327	6.6665359287481625	7.688077880697406	2.335971936181446	6.112113927896499	4.266466406246986	2.259515466354293	3.984629741516493	6.525226614545433	3.965924184216053	4.2354530525574665	2.0759413569748606	6.089742655964359	3.117578986987804	4.43801184039159	4.886135222369815	6.7701931361954415	6.861870483372108	4.870582222054664	5.2086913033154705	3.276571374762125	5.727964701747132	8.185540982274091	5.088377315184133	3.3529971357212327	8.625955288172555	2.460848627044461	5.997872163827828	8.743091303277497	4.832386050229596	4.877156473018999	5.141302352637594	7.582196929889615	4.819693480434803	1.8461334381552417	1.3948314260698353	2.2637870693119906	4.522569132497666	6.864381732990297	5.080696888274949	5.288496675117009	3.4230817470523593	4.183037351267351	8.907456770673303	7.028202581759359	3.4681495294752915	0.9799158163794759	4.987862542030852	5.865438631269402	4.866494790012992	4.388771943691446	3.129657934669126	5.120227735140704	2.475429335472716	7.276366676314946	5.86157203879928	8.62819313338937	2.9902849371380325	6.41436128742219	4.920620625863611	5.7820259072113664	3.4046862639674798	5.793350806401874	5.176824016399115	4.536594023358222	2.8676685632547128	4.577882326185818	8.96116219425406	2.749168131504216	2.9667475277610844	6.3602780413663345	1.3622876807929358	3.70193406973999	5.148928410274734	2.301108141740619	4.071073715537196	2.527100284761986	4.8391596229322005	3.931729460141287	7.084346137189488	4.8422095939187475	3.8342502858552816	2.208463356675892	6.139296236497007	2.5650236498985417	4.590812434190064	4.848676765991604	5.8323303395706105	1.9937975328996358	5.222301881073949	3.7278798947681997	3.9043747043178274	4.164024221495363	5.6661418241523	7.781266418320202	5.780402824085749	1.666646411113331	3.0450081940363245	4.3747542952919645	5.156116831234418	5.718260763563148	5.8068232332166385	2.5972858274881108	4.9433633064236995	6.777080407134338	0.9756966620891157	4.910677075292309	3.263134574376886	6.237627966579682	4.7445186923219955	4.033132788039506	6.664093227992817	6.732237138033752	5.139915676661206	4.284798891855649	4.580257731543725	2.276449689187122	4.706954715045088	4.930892534718366	3.9726897543691138	2.9101536992406003	3.9521284886752914	4.492361508483519	2.8697631573700764	6.234249117593627	4.731972989891838	4.105719536996878	5.161141966487851	4.564998836073779	2.85847867589498	7.659273130784384	4.711281212585902	4.176726903385883	3.892263750283491	8.37111449084517	5.350760641227498	6.010445374465275	1.9610727650005184	6.3327136508704065	5.813140005194432	3.938108706234163	4.995555084989335	4.55706372956171	5.54810797075652	7.164130294350956	6.887570458758848	3.0281621800081475	3.9729624717792995	4.140592937983307	3.2990112182647127	3.2255730841468506	1.9686142519801275	4.837674377706927	2.9482364726654606	2.9250120209490476	4.52836824330318	4.621382410351581	7.085906450218745	4.525887158059501	5.840419261919782	5.0479000702927594	3.1671185956023478	4.5218688323978755	5.13515463510255	5.271247086833539	3.894120585484352	5.737462099603677	6.7097507294996195	0.7092642591793641	4.5016465725679815	6.163504908737452	2.974115304970052	5.38959568602738	3.9201947147988516	4.996043098046172	1.2452442457482615	7.854004739219509	5.006204390542164	5.903670138991969	5.521776644862114	5.670296610749552	6.215830021529871	4.998007315835496	7.12633745660406	3.6265821524473565	5.822913062477763	2.4290205236695317	3.5559127517594535	4.005989536003273	5.885463806064377	2.9298645555751355	1.7964392322809204	5.527699039599827	6.284614225453854	1.9628249681063636	5.291805869074339	5.358030994010583	5.954491137744574	2.7277107942815806	5.605096484190734	3.1016458679600825	6.284994279871301	3.917855482959557	5.7796563128291885	5.212716256102931	6.436229978478849	2.941283928308876	4.684668263546572	6.693074296923081	4.416301646913787	8.549506297445403	4.90764796126557	3.9527152206337837	5.617692591694591	7.085513971529544	6.942480130452089	4.571829578401486	7.662927952577155	4.513581155051693	4.7103846721691225	2.422825190294367	4.857043683831022	4.921735202846775	0.9558855528439266	7.436865014261849	3.9089804523093576	5.790156600224765	5.496528033207344	1.6631067020582426	3.35157752214121	6.073086218275897	6.055718914488502	3.205545813187376	3.9427303668475613	8.816280526370672	6.109282962725086	2.559351926679087	6.536330242953074	4.8547754705894155	6.7471639629695925	9.149998865776734	3.094483609966176	3.2118387026237962	3.2858768231641062	4.16161090201259	3.0518791030220913	4.238250061236878	3.102438898462668	3.8930249706607225	5.348945350420764	3.995215805129165	4.434918545052287	4.377819364265996	0.0	7.860998901918717	4.929186238138248	3.8466310015565175	2.8889472274018475	5.070657300084595	7.617855439255907	6.843372036173829	7.411906373996968	8.821337530617324	1.9744836104633752	4.796465611201606	8.868397401338704	6.304256044074699	3.0523518753150425	10.37161068334208	2.6563459653555275	4.506880765399625	7.710420786232638	6.224904404548955	2.446677765994434	1.3394350084757642	5.03751086383581	3.3224674737506694	5.3873138107743594	5.783620327846582	5.390839484120178	8.619881225261391	3.695755210600657	6.108615708552997	6.071634681504972	5.605330941806674	4.127546279083353	3.9055515314815454
G17	2.896386998086066	1.5202919323413595	3.8359568884968556	5.886246556658156	3.8867316966703718	3.302479131671588	0.9855490874173777	7.641618711307361	8.30364520612859	4.238623386626003	6.0762196064326695	5.136314361398843	2.6234928865307605	5.298487211761558	4.88820011196905	3.2200977421998056	3.1853493119485954	5.346206090563688	5.1491597860908245	4.893655467568178	8.805533974381683	6.067698695194926	5.333962486047574	3.8811632669544873	8.59427699889536	4.921605425470482	3.7329381144573324	5.154845767004362	7.573347069770103	1.9735865786556	5.750549729065918	4.89710469676606	2.5821131830442225	4.281870800654156	7.491222931094644	6.063648398278561	4.5557885935482005	6.679412228115415	6.31038766839577	4.2379155481087905	4.170564193198054	4.082645787579995	6.163212453904269	3.904116731449118	3.5638698573766523	4.334501740026797	2.791782215781533	2.991589135036647	8.385077909942284	4.316243922081631	5.351493202283529	4.815102944275887	3.487432511741909	4.447452014285632	3.840719288936902	7.562252606386466	3.4988304883544856	4.584625462375889	3.5873930282295903	4.941997265139771	6.779083698703422	4.792250861959064	5.481029027362507	6.5330437274006	5.831075088599482	6.765162677691928	2.5634846605206243	5.271830089807557	1.611278648738068	6.918879498125391	2.1861274431725164	3.642897382754171	3.295200325615874	8.61938949928062	6.655879643689644	2.0545763949405234	0.0	6.718199183463185	4.323324454353211	5.299778167864647	5.851738686117976	3.0587492206355713	5.454379375437257	3.9288658515735526	5.559271432203458	4.536647851574695	2.5125397819272886	1.340206632601336	4.25178215547647	1.9793857262322423	3.3475703654475857	1.5933516351201473	7.755418911481717	1.9418193790419187	6.327041326407237	4.898987313088232	7.595970519781289	3.3078802137000465	4.675526050650461	8.97248779146752	4.104716483090339	3.126590419854312	5.871862092743488	8.522673102670792	6.323234369245188	3.863799868276925	3.200531117027935	5.053085464925363	2.258234493479932	3.9860637092249003	5.943754498871484	2.8455505670627943	2.5020937777198533	4.807965877570506	6.812694844978497	3.9489815761609908	6.097995702296362	5.232711859925192	4.583791318006568	3.6029810012672825	2.7612108676097575	5.785862601483528	2.960256414558353	6.027344458435347	7.224657363384295	3.8311359556811584	4.150870809065746	8.614200741358923	4.8698403774453265	4.157869207904745	5.9358200438445206	5.839072614800543	2.199560359614713	2.928415195624832	3.8618582219754396	8.766624145984505	4.782552635670467	6.1845870268937455	6.05726392832395	3.273080310463355	1.574228879612883	5.751209527969043	3.5933102788892084	5.073401413090791	7.326732182628647	6.745673603524956	0.9769112618454279	4.772323864457903	2.1168145881491007	6.912999146198119	2.2145143349714553	3.9070183881969944	5.937318422992301	10.506006784750786	6.542015313545798	3.968981430311989	6.297377333467981	4.915394645073836	8.850368195892816	5.815486846496954	5.628572387671413	5.86297443823325	6.6897450110700305	0.606081963935038	5.229582167397718	5.458037813570121	1.8975031585870354	3.5637666265838424	8.753957044570779	4.511556624480818	6.267901749296569	12.505224477788893	5.381180545120435	3.8557261235766256	3.9117585943991235	4.350957995616491	8.732109732831026	3.740640706732029	7.191128544158461	7.6702867737701785	4.816638662180924	7.877128794812342	5.034501246346206	3.164059135968819	3.5289515278742263	4.003553475134213	9.870736463151788	5.3044712988586245	4.909394845367218	1.2095801643484523	5.280347352673896	3.7799056524995542	1.1582997727227293	3.693007442603117	4.966230242445686	7.87179672319207	4.492660997839888	4.10668898794007	2.4793611309425576	4.786634714817704	3.336235978795979	3.746418250442279	3.162835948528719	6.433360643724693	2.2341053020843313	13.87484218805267	1.2394420255257879	0.0	2.602981518871523	2.9408081826361596	2.324122620082654	4.742290342778552	1.7297274287668705	5.993812737861755	2.909020710436558	8.588879533876781	3.851290960926276	3.282682416455718	3.399900337213524	2.952925757327944	4.938366288886111	6.321582818640113	3.598146767412678	5.47449612917504	7.0917570691991365	8.538757667207332	4.254596570211706	2.8997454217800813	3.6771009638607026	5.129740625406462	3.166586636658496	3.0297897697562695	4.531377180448552	6.098553463699056	5.805474456286273	1.9998503222029616	3.9895554646285887	3.9592094172232914	7.325245374245431	5.930970713450271	3.696948105445267	4.6732899192734045	3.256537498321022	5.907098748555041	4.007285113324591	6.691503491287568	4.936292691338329	4.997222495918482	3.6537271466115953	4.261968576346528	3.3205865868311135	6.656005965611078	5.79659029497692	4.313222311387147	2.995582182246739	4.444288047843021	3.5308472216616242	2.440916035510572	3.7001039774909117	4.865987020226852	5.590450998745493	0.9624878210646081	6.031686753774501	3.491053938607467	8.739922667103961	5.877999321998605	4.451578808434157	5.98190348477235	6.916948548220335	4.549291676062444	4.231052034862205	1.6576097712956024	4.895713843377559	2.618381233450332	9.21362239906949	3.9499588616199657	3.7521467614724573	9.766349286727445	4.5739525061268	4.772552467210907	4.085175052918716	4.058056298178822	5.809204505835736	3.8708551000867493	4.401915179960333	2.4544746259738304	4.483341087829887	8.24923964541261	5.715832114929851	3.6825339532593278	7.49852682386801	6.425427755377651	4.279022216618046	4.513402421081245	2.8208666247059555	5.290790939667203	4.145100722267688	2.0646020037333197	6.221413654875695	5.296116890841328	5.871916846263991	5.996737898967359	5.00983740179119	7.591501184534198	4.238443959298637	5.769332389316064	3.5958877302107504	5.688828163955374	5.296019168397684	3.495278715064984	5.840145612892552	5.789496302317458	3.2393105067738968	5.104079658907991	4.61412942182575	1.8377561522166925	2.908672863818525	4.432852165558239	6.302210012449311	0.9986757507960641	5.172172830188185	2.1270507511385386	4.80718484491453	7.724887425940305	4.951696589709022	6.023190958486059	0.9847957657777114	1.651207900361612	11.784084463242332	4.410303158462169	7.293723115272563	1.9742965481950039	4.996992790466129	4.799735521335422	0.9957359309202942	3.9404129692824954	5.762165820808409	1.5137019408697012	4.17902723396497	5.953754525674885	2.3081343879854725	6.373254409778261	3.8952012587604816	3.63141620705104	6.2065051502209645	4.871294151453289	7.99434237599648	5.813432031071552	7.589944573693515	3.3037481667778748	1.8690513554287624	2.5864570003533696	11.390275489883873	3.9100353391133233	4.778618831057396	4.9955732657555085	3.29619055692754	5.305413239338874	6.265473503427597	5.079029752891109	4.982332887621889	2.8978581503607272	8.041006157431914	4.288911010864843	5.9201523680740475	2.149009454756249	6.031431452725954	8.52487972383758	9.385100837880174	4.512304951992258	4.304867896942867	6.774797051168113	6.943174151919498	3.654292137056475	1.9624112645616296	7.170761348823692	8.256640933021982	3.99256530813111	1.6022273886746365	5.415264035427576	4.685034696133243	7.424251672535682	3.036203353589445	6.7973872367033925	3.009293312158489	4.7812447856366775	3.138829539545321	3.776149650556111	3.188349758327894	5.177986422822674	5.7076434760557335	4.325976267371634	6.717437778502291	2.30873554819848	5.718462798022814	3.7253007160893197	6.1916424156467	1.9989950305194615	3.5191493376187237	7.086844119665059	5.866303520109266	6.391574105553477	3.5174947241376198	4.272416436452892	5.421629689572781	6.5523749570572685	1.8493307991545334	3.564835428585789	11.8329633078268	5.028948577517108	3.313318679649741	2.8967908825159934	6.190574782919413	6.874825379529199	4.860614692146948	5.914025698840269	5.2101752911533845	9.209999850616105	4.948079524548191	3.157451886809568	3.3189399672892104	2.5314886840907187	2.2173837436824444	4.42007292070322	7.658802082553664	4.715764183743771	5.8599659537717645	3.345386173740338	4.979221381086805	3.847973186424328	1.9939814907402222	3.948049099132274	0.9865025391507866	11.6882338172399	6.0922432432859	4.248448921719256	5.471333239843923	5.833547558933222	2.97335660941004	5.751299026691523	4.675014763599696	3.0509319638768626	8.341621073207163	3.8800134801648327	3.9941206095089217	6.18276431640397	5.77303026610494	1.662251957457251	6.845954071302114	4.853944251088742	5.581779060274377	7.107164161707305	3.835095515921889	4.933098925672369	4.969649626612629	2.9675052545638727	0.5924977173386069	4.27486161274731	4.6563704713961656	2.518854686557153	4.863202280296041	3.6064544422742055	4.2837107196796635	3.3408908083914333	4.537680791433571	6.27456404514037	2.3228027660854047	2.380680480791367	1.99500800886632	5.412683858120378	5.210012857081079	3.807717600998463	5.336456707462871	7.082320858585295	6.2862837861556775	3.825155279462833	3.7465773823943063	5.505114813903604	5.979830396214602	5.25553888351211	5.800591887498038	5.043289717132116	7.685097461942272	0.9557141817853622	3.588092284766386	5.937054976623187	8.307314096302486	1.5088086237254674	0.6071281714872608	6.924554953313564	6.306493438330464	2.594324119414125	2.009396997797324	4.806307164696639	7.9457913828799125	6.69220122642786	5.794167842974601	5.292914514227613	3.039114235128473	5.838455974766999	8.848990390703669	4.895431812967584	6.146971293882857	3.781959033515777	5.007111294381804	6.506382545530147	8.64749452807964	4.963339926487521	0.7485394528770896	5.090650478628528	5.003905704768956	4.88754228898458	2.136057749698585	4.79252939019767	4.55901502557467	1.9174940128959017	9.043817549322844	6.5326781560478295	7.82799954048529	4.3777046696993205	7.9762988303433655	3.167078060204423	4.127448288025821	4.940214887814516	5.221520402009411	6.00933965728078	5.048743346250075	7.6174952263951115	3.642298158275775	2.324209584859836	5.444749024639462	5.04481822541308	4.961243097892988	4.131874884585608	5.050383773776996	4.050635900383255	4.622864400053146	1.7084909502475982	6.058858360134242	2.2035874747651802	3.502306848130691	4.887376212932109	7.320405437926803	4.43404288332365	4.5500122418861775	4.140401386925125	7.6796569306678695	4.014634237128079	4.594149211487852	6.025566150672907	6.158644129013174	6.392221163519432	8.210995789880327	7.042484542083309	4.597071508722882	4.261280525844059	3.0141877796591436	5.683210267238598	2.028411979292958	3.4015963611502533	4.40590952835573	5.196021752560924	5.027506457651282	4.146445096669621	3.4181201647199164	5.060759066606683	1.9658938173065654	6.016896241536773	4.320722234784336	2.0101641198604994	2.9239971165380045	5.880324423682201	4.136442460119048	3.861281714253428	5.640584877267342	5.006636301305078	5.325143662584353	1.674648572651614	6.874286755106212	6.682725161568711	6.719607856760679	6.765464663501707	1.9572583010557858	3.5068503185516002	3.0370333750230913	6.766491839558275	5.929357631609088	6.643793937681327	2.987348844259802	2.8278571980713463	4.277984372770669	5.581569752573149	2.6699852794398353	6.943884643662292	4.016899403642696	6.970293192306426	3.0554512322571874	3.5592301787497633	2.572287722960694	5.934575678030738	4.700849150853856	6.912710659326323	3.8938412777657803	3.7372727053880483	3.035258677554913	8.289136434671363	6.560468742942062	4.859038247460802	6.346519364732459	5.195460832620263	5.45113813880955	5.312165457270807	4.806813200493977	6.0555289114658954	4.751447820426926	4.81296778228177	7.187200622858296	5.571499357704002	4.274695019992133	6.6813670632805815	6.448132214376733	3.9939408645278234	5.288243254789136	5.839065178648261	4.475480499716334	5.837517549717063	4.005270471688994	7.086628489654651	7.821809048208381	5.065961226481205	7.343472295519324	7.710164542517578	5.620211915354655	4.770597466872529	3.342390582439887	2.650226588850762	3.022157350230313	5.650295143745239	2.054304854047651	3.2061720957410875	3.9792954824793414	2.702533008413545	0.9806038266469633	5.334454643354608	4.9185485279539645	4.505995022243044	4.544235372891368	8.514096834109905	5.862754564985446	3.766369273123199	11.197099917565508	5.907893884864351	3.5380187689650957	3.056317098939794	5.671805719646175	4.7899404763635385	3.819755701345853	6.925233619774206	4.217385486087866	5.000626831019587	5.202879890869464	4.860131224325626	10.036251016757607	6.091847287146898	4.831229632484595	6.258566700652409	2.8846999757492027	3.948200719286989	4.721216515407341	3.2419227330520415	4.634799240849533	4.755146477321478	3.076067765142158	8.174695932433208	7.575145221962012	4.838264588490639	2.0015586387851916	4.236919967642347	4.862468533035893	5.796541310298733	5.0037498519473065	3.1439779839129365	4.9213821825739466	2.003031623201514	1.0696867253177589	3.901061627927103	5.405120930187652	11.835360875153263	2.929625317481564	5.853517075308642	5.602133279967022	8.916575922217744	6.697139640368921	2.527462144444194	3.3084580652641895	7.9879177506045895	2.8748683303390714	6.5016229085347454	4.628103062300471	6.950859959181778	6.309230438859674	1.2968908171196136	3.5349742583326744	8.078336817149768	2.9951259384048985	5.998842509479481	3.752409266894059	6.28200481940836	4.8604653697161	3.0173286327018602	3.304166325526007	5.566366120486002	8.251859269263147	4.699343411049912	6.039644743483811	4.940036072380537	6.741605180567534	7.7402689769989355	2.986845019233821	5.812088553368256	7.098985139835883	2.941192294364208	9.068004069249454	4.842670307243301	5.424702109632515	4.4545614722436735	4.905968048371259	5.470138315555483	0.9838016548053186	8.948414538784357	5.171148105175549	6.461183596071915	6.792306193091072	10.579849960968431	3.572780813441325	7.142991951846558	3.931137122986162	7.599415686602275	6.848504918798722	0.8730185862618896	2.566633154114965	4.17346134405334	8.814874526671323	9.276495652682566	3.663441164754099	4.082367744782477	5.95256130019148	1.486205629851438	2.94383578890908	6.776146052057972	7.830541984395235	5.561806188229978	4.88153961789885	6.662653119991888	4.320608615969543	2.5360939793538257	5.03109974334445	5.01704724347438	6.715784766617277	5.00520713046621	5.537663182300597	2.523137394561984	5.301677492195015	2.2307282836931357	7.864850677056841	4.286522029953131	4.761204395176585	3.9737293912390115	5.483309016483287	6.590878037817277	3.9883832298628494	6.100286773963871	7.4344618406433804	4.667032389503695	3.413020114784062	5.475665034963724	3.272618723047388	6.263125294949555	8.05034227395716	8.337328857016802	4.720379676912385	4.968163141410971	3.502726605600029	2.7029833845567057	4.909461298470738	5.877426225203804	3.708546579591123	7.941437775474991	2.5445516673417927	3.8441479500473816	2.12615395282183	5.683885970219012	4.667088903025295	3.7151731640612606	6.403543411895133	9.604119463884606	4.872194057603808	3.9369153284770695	6.757556892571701	5.521765540269179	10.84405059159561	7.541805169706435	3.6802816155247404	4.856800891923727	4.81843579267169	2.1372556902940434	3.4206640179930554	1.5575369121482394	8.154438874495847	10.760380278772178	2.10863180953562	5.233853595994821	3.727034912449313	2.5200418144865897	2.9752321069012924	4.839071898834587	5.172329577820081	6.054759134604064	3.0807797730570226	4.387508720842653	4.963424814951225	3.2977818739918714	5.163181825674425	4.109891323656265	5.226929287183886	4.153921780145897	8.607297146577018	3.699188455646566	5.839092364749004	2.9270650618529075	2.8886756307159844	2.685836022621714	5.5724595768382	2.8659507610014967	7.346207620904841	5.311222937607878	3.3637211511204135	3.504061053220716	4.522696495595465	4.839358905684052	6.419468028868565	5.414013254303213	2.401203720181372	3.932170449699316	6.058789513779766	5.570993608476876	3.5694704546987324	7.313554104211584	7.136833607536713	8.780329988913856	2.8921685854449586	5.872983685619443	5.779448235776465	3.8423133253924595	6.541971387397496	2.9799413952964695	5.120566980808431	7.184612464857534	3.270190132004548	8.643068262683816	5.6330802463996426	5.994385338081632	3.1085306930833982	4.641612616729907	4.872626988989355	2.9859865036703312	6.782123619320799	5.272994566410389	3.845830108908814	9.25825699165177	3.863612089907949	4.059000240230578	6.429153556467546	3.7525863096261207	3.9994634654072794	6.870945827053648	3.313780314959815	3.8164590367127538	5.27898337523481	7.648453213149648	2.763618084953116	7.557936918540951	3.518390638342538	7.922238824257733	6.854214360579664	5.082250779326244	9.273883194787269	4.9778622438738	5.228407405644291	7.544210269786453	3.692344170851695	7.041608077558324	5.821835829673905	4.019717090353071	4.074336288761098	2.22856960723482	1.9824860810775224	4.618382196960349	2.629642470331403	6.739167360041072	2.950787261525527	2.759371502893095	6.317649624232702	2.7550537903820618	4.430554109394561	5.394647198839633	7.8258933729422235	5.8728487260337605	2.5864943838683443	4.559817376377338	3.45795342313087	5.006872766685088	6.352277222125413	5.283730765616539	0.6913679011886795	1.9979171451021251	3.548601359560086	5.9406039575533285	3.914323561104802	5.660020850575124	5.202481165539559	3.0772348908617624	3.5128596168178894	1.9106433576679178	4.409365547729632	6.52339047444875	3.934267273992383	7.335085701632027	4.781721422064006	3.5877948582840715	2.46090743273968	5.0887425600097025	6.2677892869063445	7.4999971582110225	6.479182759766251	1.629339616927341	4.409747868844159	2.2784204947092896	3.919529914086826	4.549347469409177	4.730309247473241	4.423922660814584	1.6116823991360265	3.907577449763936	4.28052672307886	3.26933405237127	4.94828308009372	4.78632375972623	4.369044591320216	2.2634838922640648	8.881763941672707	6.154165555929358	6.486939436730453	1.7330333069197053	3.9637241166416812	6.067321981934709	7.3149237819660256	8.837396860072502	1.9676636950764959	8.867593163670987	6.401061112846559	2.612347551946564	9.743467515466637	8.850534267592792	7.157242486920155	2.7829609998912903	2.368110088036526	5.65627248512482	4.835948184649206	6.633943527448859	5.892883612053942	2.926060082615113	2.1839660042651534	5.95532210475927	8.099175232784507	0.5808003292654481	1.9428522491224123	3.0248716091574774	4.854606345482329	5.884861901058723	8.077461003188422	4.738004896054146	4.23466534819321	10.011070680839413	5.916164266641328	4.531752393569991	10.500266680890391	3.766970108504893	6.28262841428818	3.1348004535811156	3.184735848438415	4.420082253649876	2.979249700844506	2.9377602948130623	4.265302334931638	4.721764587559516	7.07786195276307	5.841817913680074	5.6731862733307645	6.463403560213865	3.043308820885127	3.6449767710360796	6.899194893961165	6.405591616710548	4.082475247423927	5.839948910379482	1.9403071573316875	5.007305651206912	9.681697563468541	4.953561235629777	10.654615246516087	8.457522248982924	4.589839941155982	6.8001666794359785	4.946274011402685	4.395325128403287	4.423082209916489	7.870710423415344	7.965999059771692	5.315435542385811	12.04391675692098	4.830983410069366	3.8106494293501867	5.934179161443056	4.699671309335473	3.0449688309144696	8.338424053846962	5.87730306685966	3.716374312933719	7.59630293930415	5.855840079154852	5.682678464198956	7.591998233346703	0.9698504920305402	9.734215251418403	4.665798424758676	4.869436156673572	7.80029598762725	2.629299664386759	3.2361311404916164	6.540931811311946	3.6781097117324006	6.527683779014569	2.6782369213917985	4.270858933618127	2.9204887923487504	7.212996147201445	3.974152863571254	3.9591847073102207	8.479709897678577	3.1535539767297576	4.839099086017902	3.4155420949368267	5.464609500735942	1.2547330368202108	5.340775314566877	10.502423792377009	4.249591292518478	5.661740236941942	3.295715932283829	4.351451121787138	2.98674401730506	4.024653518698223	6.809891457357408	4.698548081318827	6.020588994376245	5.906093948652681	8.774575236223196	4.460528622413513	7.14562711227773	6.856626284598355	4.654437496425848	2.3842510044037137	5.788067069817941	7.785562555642708	7.89006756991912	1.9275271448533136	5.220032704248094	3.0250240819668828	3.7383387091940468	3.1160452959870573	3.1786856215408803	1.3500942150834871	1.9814889641043762	6.814183528295388	4.0014205182303675	3.787931915950687	5.1183887067359475	2.9711705514696507	4.004928656455419	4.2835435526068775	3.9026041534927485	3.1588871358781403	1.9866404500553567	4.617180163906164	2.303466723538916	4.895254588248674	5.582293509994865	7.3237114271268045	3.7365723889311715	2.142256585243961	4.308991109806544	2.3064230871068685	0.672238248779205	7.835255823768993	6.2261681072878705	5.171684142335671	5.813401647826453	2.928956019286753	4.571654591365532	3.9194526660519373	4.568372344138573	4.912737065269779	3.0384353882557753	2.127869139537632	8.713566324040324	2.9595547522215266	5.197234134830063	6.758336228502575	6.107736887088804	3.5177893156228746	6.138164755850309	3.9834443384918394	2.504623376966506	3.963964161283599	6.42249095398068	10.048498258491362	6.142428606146077	4.316306494855082	5.444239160520331	6.850456249812654	8.70040633710055	4.949713762136227	7.836556896548334	3.815657906772785	6.863215198326089	4.83431768025641	7.1372231334087575	3.3497288241229235	3.9710854653163006	4.08120168125299	3.21437042440774	5.386130963848542	3.335285311348089	4.609306697232665	7.855575480014269	4.8432281526089636	5.902835108382057	5.433114648169048	5.833808160737966	3.8721297035807667	3.634183942671572	6.033564804276435	8.31092707736889	4.15095595916082	9.957141586500958	2.5123718170406595	10.271695668215612	4.889415360025518	5.538626528189423	8.308897862800691	4.72848633583551	6.108246640946993	7.628299078129841	5.8157640439178016	2.769971031540794	6.636024856531976	5.948668252866699	5.08188425940301	6.616697810704012	3.0260201073098827	1.6228246549707062	4.990829822600239	6.134879514027389	3.973295945296297	4.546806401355883	4.887983212243542	4.561676384567286	2.5892630103817336	2.0135655164123265	4.2753798481464775	2.917849694504001	1.7146859692183967	7.535450237260117	3.6930212855214846	6.0584369425052875	5.281503490433558	6.009734869080757	4.741009629782684	8.920372225907682	11.468107091728484	2.9351333268261652	3.898437494016418	5.926737341120863	6.645874321050256	3.9453212926415437	4.415757476834817	8.730645421376572	4.950704233712576	2.466084881228749	6.752827181311778	2.8329337173608593	2.9225099951468287	3.1437171888640267	6.026816158823135	4.386138016459177	9.158301169840069	4.587030956294832	6.560333489739363	2.8155336350318496	4.7619988102210495	5.009213094242474	1.6471777109739858	5.649258461118729	3.9074302538814525	4.850280933455597	4.933790687935753	4.807390270044107	10.206954199920682	5.703189489797665	3.775996687183203	3.8562276662827224	3.069312863850249	3.575990458353578	6.020677942924975	6.675325189130473	6.330326304954738	7.2095800747665635	3.7393939153848548	6.292751943376453	4.789871043450551	10.09868872996523	3.761755256245528	5.587353257485985	3.8027439127608287	6.8474238290437714	5.734784397786856	1.7237437493272598	5.619674198289123	3.1742922984963853	4.021494403796096	2.76227198291479	3.9466882041342206	9.792170756345788	5.698743835457541	8.937704813821943	4.326434852182229	5.0086460989295265	2.816388152665802	4.816850117025277	4.7406017594298895	4.299504400079649	3.0199065234379643	10.814191472039305	7.217043966596644	3.9486081220305644	3.355123386724396	8.100122859264644	1.5548881453168566	2.696320125207337	1.958193253154134	6.407689189008818	4.728999769031762	5.853172998822789	5.960415466722713	3.6080072497293134	3.3369916929183043	4.902837894781456	4.728926207557862	6.014073307016352	5.816276759947191	3.6594625380432166	5.520956969080475	6.97392177584205	6.218809487767204	4.812109705974983	3.9542747565997978	5.029060517761265	6.4953708881754455	7.701020992079256	1.99002186566987	3.502358269482686	1.9599614689888976	6.716649511674349	4.828749704229292	1.9497005749027194	6.660058812567882	6.51204365783628	3.528557385599466	6.98860737572132	3.7408661486768353	5.9857098175868515	5.7487632067220575	3.720158377305452	3.7063426623115143	6.689932513973713	3.639782038967985	5.643001157135312	1.585197294733088	4.861721439593677	5.212536089559711	6.618743392395297	1.984856248018197	7.776601902414097	6.902175993975861	3.889667703850838	3.0800418959524296	3.201175409318018	4.343347864618521	10.341118280270129	7.582540538288091	2.7467303836173196	4.964776942685499	3.536285966246373	6.479773062062663	6.993473748071625	3.431589280917505	8.82143372987182	5.886887697094965	4.9038931349767365	8.586321916631924	3.002010742009866	6.7567952079587945	6.277713465001962	3.6177899107860036	4.236680417005809	6.5227724387764905	4.551723464782826	4.770388876798642	1.9937829332658374	7.06073316663161	3.887037190305724	6.515338147314957	7.512352753261252	3.0703346743932762	5.0554281252621625	3.1354882158201205	6.587216034271484	7.083571096410944	3.654114428956258	8.076613058221556	5.832106580885772	2.4712851724215756	2.6843695245205916	0.9893901462506548	4.798214829883868	4.004323924961516	8.85618550916581	3.6445362461249053	3.132598743048066	4.215630117575688	5.531059590802654	6.859599067686412	2.752073381122801	7.100344667725266	4.537112025071462	12.14984043192097	7.945643574384853	8.525640846923677	2.445854373095957	6.463000098298028	3.7930979031674266	5.062899950117286	6.228203449254854	4.382060584079116	7.80305693566605	6.4097751380304215	3.7100581463210385	6.4265713469051855	4.9491649439383325	8.738136104472224	9.44274282146744	5.4301591283936	4.182247115128161	4.108708394648488	3.212004046284194	4.604222865579456	3.634876102103365	3.0762381973556945	4.0639104703196285	3.962296638544738	7.928290556656311	5.242308462580799	5.941272402893581	2.917158303731553	2.200348322416685	3.1014495141570624	3.9692890767059152	4.712384705404986	2.966040418656657	3.4117740245187465	5.238121295355043	1.9786234074866933	3.373160410003857	2.8621009149803496	3.9374140742260786	2.1783977630246727	1.7767764585068944	2.178565014677224	7.010847019855508	3.530775581893047	5.045446810527442	2.669532045297629	2.86616198605351	3.7494512715974646	2.542678815038732	3.4097610455323406	3.3609125331443006	1.085849452904931	4.5565802504295805	2.2784378196895636	3.1242847688012723	3.6852630534756234	8.5009489294657	6.840666563669395	8.605406115955287	4.9391405397948045	5.882573795965311	8.093461473485403	2.93303561128516	6.496242124939583	4.980632139116034	6.234311238578146	6.462974254317699	2.0197464124171303	2.9820774337932345	1.5549109480772318	5.338828141042508	4.632531550222763	1.3638455618078853	4.325202001420391	5.1705983240720945	6.905637189203073	5.19998411099937	0.5633853684586978	6.005609128877956	2.7602185770852894	4.897547635849374	5.536195206408819	5.055406811477628	5.908837692482671	4.642080228111686	2.9564453518916727	4.476453110219168	3.2163273898216924	2.8506793152609693	4.993256430277814	4.720054261364383	4.758758098186919	7.241652616275836	5.7641431868631425	5.7786192761672455	3.596375952749692	5.103830698815477	8.36927418062744	5.314580177989064	5.469138218128602	4.753580157629697	4.99828297597844	5.633618066776187	6.2252649481462505	6.31117627743883	4.56145731389779	4.8695771147422695	5.947272992612056	5.956074046354537	7.857197951353043	8.996698870152372	6.223558450600055	5.73351644157453	3.3762614136159494	0.6126038191373807	6.7518764489315855	2.301239257401385	5.733266650916745	4.962961051250917	2.869185295439455	9.544288736017247	8.748223276139031	2.092614985473836	3.715348948578829	5.9906153978380825	5.939467279897835	4.811077245432514	5.208463860526092	0.983178952818554	9.44827072163315	4.945119528999478	2.049937366731057	5.015658178367682	3.4268294191179804	1.866171255518101	7.563895010739136	1.9663311624468942	8.448225157944533	2.089854352491032	5.408444877525976	3.188322007152243	4.26836264756757	8.959465415890971	4.837834450105118	7.846516682722008	5.90292532041148	5.630091137255711	4.517807398908368	4.305818160041692	5.530411811708872	3.676437248093188	6.607508038021794	1.9824935683746405	5.21292410506236	4.004518644702978	2.625059545049968	9.550225505120494	5.807391958528474	6.201603169304221	2.9919606519156443	5.042114400574532	1.2336772268057885	2.2178758129335225	9.093087848847292	6.807075036181743	3.2440901346536153	5.41122430239306	5.465156143198965	6.594771988067427	6.319192876851886	9.923829475281927	6.0195472198521225	4.883652082432978	9.290346679971321	5.606133472109925	0.7385124647178294	4.011305304168151	8.42335217408798	6.888950166178771	8.966929731829143	5.607368075330378	2.020174149050074	1.5045101356185482	6.447664824439427	2.5500176318899888	5.914907766220838	5.2669830859260145	5.034356851806472	4.159560574074298	7.503535098794208	4.036095056436189	3.913255115724199	6.539348550460611	6.819987409466597	1.8106887089303016	5.841435158517555	3.8369021546418303	4.032927767664286	8.728566971009686	4.7732912118872	6.030759928043921	6.779066631435649	3.882775004378085	2.9626812736114543	4.126478318345691	6.627048767810534	1.129842738902187	2.8127999643136854	3.901323920929749	8.56831784937552	5.328980858479981	7.959162314217012	5.83491316644775	9.01704489440329	4.681754901639158	3.8986265056040454	4.54049593470796	2.735798951460416	2.2060817049985673	8.261962222424872	2.9765790167511925	6.633801900440704	5.8949664111523665	7.445646453443485	6.0005851356683175	3.027044876220568	3.935765126720256	1.910359723115919	4.98341417052594	7.417172496832886	6.30710802660512	3.1325028236055976	4.017637154980867	3.3286787268200992	2.9253610468686575	5.856329698101568	5.565292570354368	3.783756226361742	3.903820149287495	5.766158691331007	2.965093747909655	3.8916634664840624	1.281907538971378	7.2050129872761985	3.1455653356177202	5.872491423187638	5.371732132410593	7.749667158284698	8.344256797197614	6.407307843920823	5.871520634541362	4.29771032025727	7.58499260892675	3.5572623978595446	4.683892311653524	1.979553696566336	4.919494252149579	6.704251625490145	5.857698652767077	3.951713449261172	2.183195876491388	3.972007769076764	1.0120558588277382	2.6951446206025964	5.001872133212777	4.008816494445142	5.440943827680798	4.311450955961225	4.260861285953774	6.642428451180754	5.001720661286059	5.593329174246196	4.251632341280933	5.352488029595691	7.002639185477809	2.98017312004109	9.768059689391345	3.1541396914476336	4.94363439212331	2.275127723826668	2.6100125516233894	3.4678664197414992	1.7380677880838573	3.81774609984612	6.400659911554335	5.437999577632442	7.647179941179474	3.5843658434504415	7.542095667223326	7.874680272598095	7.383709596282813	2.743660846418541	3.590954567383398	3.676725293790202	4.357034383351672	1.6971234485482787	3.7561140431660487	7.210036065034611	6.887917101517216	4.320116180991802	3.349042668361821	5.289364374623883	7.304865548673453	2.4367745224187196	9.386246488600523	6.6014717158413205	2.192928958691186	2.9101475525362894	5.362868718802538	6.722650572884723	6.657204418455277	2.5420643575665163	3.917945067053518	6.057966139401056	5.378266831891706	6.893933917281769	6.081343505903338	1.7065199246968028	4.702476707173114	3.2341297698331113	3.873237865151026	5.082586891651944	2.9086655430326416	5.050520992000111	3.6520215188601304	6.70721204724171	6.513601636372812	5.462202848042573	5.83382432589759	7.206004639642483	4.233375984031429	6.805826145175406	7.978268582310821	5.005072505184119	2.6013102283988108	8.847704220311012	6.383652017276671	5.050271405914438	2.988374581063251	7.680007018750371	5.295049659390106	6.295141624371663	3.630403439032688	4.484053724941515	5.738878651973148	2.8961786963281146	3.225403190043815	3.8028430124870853	6.0652552411528635	1.103603533486275	4.637129675323911	0.6119814661112856	3.8342363786327187	4.289448794804875	9.883238510119359	6.409863514212189	2.9732324230734233	3.92650935610701	3.7647509708865305	6.720918263672814	5.088874391794819	2.96588205050135	2.8934170250126297	6.243863123680444	6.833117453873219	6.778588507359115	1.9576753593691794	2.532940509831124	3.4018721608705835	4.920015516000189	4.81974785764006	2.21887002998695	3.829445044704603	4.084267225817307	6.4003599727492135	0.5036985112770614	10.390603697789777	4.641771024557596	3.51603904470103	2.9445396955294765	2.9749572260219095	1.9512790561882516	6.696810358879945	5.0429670604718675	5.938861487010333	4.93560185194305	3.9806626825316975	6.335491108446238	5.121356892105639	3.5082445796779944	1.9752471022344782	8.834855196653246	4.057493744978002	4.963633593523343	4.149901515482086	5.901526278334796	7.535265216895452	4.90105066470891	8.059169808478973	2.8195405651849885	8.299344823293673	2.9505302602613397	5.026847367063704	5.981487884132844	3.230495119542777	8.385120112068597	6.674863979740936	2.6365375438684646	6.801342282132422	7.0276085269196935	3.7945183141728576	5.879594871379191	8.20549497537721	2.9371539827516666	4.895308934334592	7.649080667108069	7.107467967306953	4.774340649522095	5.778622811629131	4.19199107680632	5.486451649852881	9.837751733475486	9.68472525801836	4.238665447927026	5.27281485227837	2.370032874492807	7.054878315786712	6.048931323360679	6.744079267622849	4.1266982076684355	2.7020390953096487	4.102763461841164	2.592723559265495	3.9230103488271912	5.855235686432369	4.306904587781371	2.6647047737808203	5.6704237769926396	7.874581137840735	4.85116611268707	3.076001359448488	5.019310346214931	7.119821870439476	6.546048824111699	5.7184447606436	3.6435261980745293	2.9281310238334948	1.9867100697486184	6.534587124091738	5.185709237443332	6.626232194812679	5.394770827953261	10.390526137469125	3.987014455497616	3.8944826748735046	3.8203834489002424	4.280223066628905	6.61750209218262	6.229276586443223	7.933403649242374	7.568349692360438	3.9842761409935568	4.528097482118775	3.1211381741764215	6.552049615318885	4.545805666329918	5.166741050566429	4.843044040314498	8.878630915877988	7.710731183622927	8.268117327974904	3.9351768161575413	4.971453036330939	3.098564479052371	5.896850509458524	6.524653975567249	7.069759004793505	8.725552070807543	4.575459637197843	3.4783148754551556	5.565194725051837	4.881735253653885	5.762568784102412	4.72653695151322	8.14008130058517	6.733946023451954	8.142962903815723	5.131826281928197	4.234118281289426	3.0007615831879018	3.73643611742924	4.538394380222173	4.903083851671759	3.9457729832467185	3.015239296197068	3.1670372733540675	6.488295544164186	3.2561917091027266	7.822313492058443	4.650552538778016	5.541410023954484	6.414865364676069	2.9150311243564766	4.926831806451268	9.199313285636356	4.757362749907925	7.8527541560356	5.841360363001594	2.8715134081992564	7.01898032669194	7.0573355628538	9.606429798611284	5.0107484211183815	4.409912758753254	3.0024325860364423	4.851642532513896	8.075490753577496	3.5838731648318403	6.767838515752649	3.413212354684589	4.336154147128581	4.576386296570206	4.928522270829962	4.1194696553672285	3.6618864220013196	6.595705506933244	6.777826754999578	4.548942963573954	2.0018738485079135	2.726636924974772	4.514872407930536	1.9616865861908774	4.355023679591956	2.2799865422704078	6.046637582918881	6.894387647470808	5.876523053303661	3.1283642324951733	8.625629047307102	2.6459579516812677	2.42062842906514	2.9482514731526575	4.913209377838434	3.7686636259888946	5.8521093145312655	5.663660822643885	3.18127780110566	3.565816019857676	5.1837026020302455	2.4362041326818886	6.859420280583874	4.5320599830884225	5.034822339171899	5.220578807758865	7.265830253353817	8.447167951295832	9.54489017725793	6.712369179195878	4.549242022600303	6.4361328906295014	5.52951812947682	4.31035730548961	5.945511444334802	3.8903224807395267	3.7350391883056897	3.714314962344151	5.843868899341007	2.566592310500054	9.464287908918719	4.3900022471584075	3.3423194664259426	4.4885938183538645	5.571765662643626	5.461061057557583	4.872569938793765	2.245497218330149	0.5019023896864566	7.651726756500002	2.2029320676761963	3.6798303538234953	2.6933828312862085	3.1227918849975906	3.707523913069199	2.9268989674460935	7.027571024771988	2.7567732601859682	3.5296145218383996	3.5317942432823677	7.06191276281466	5.059195339401165	7.284627611496245	4.149227852516993	5.8560903946492795	3.492428623326189	3.060342359209368	5.7666027227108545	2.1874506176382726	3.060273711032935	7.233414965837898	5.537566868283938	2.83198956107604	8.129326188794874	3.8570454446593305	5.221846993256101	1.9449443835887472	2.0169657869221242	4.353846301573486	2.5570894366680084	4.355787770026727	5.832388020404962	0.5374739202645358	5.134061332600795	7.580693238671388	5.892107060215241	4.166204352855326	3.107678171549937	3.9075396833571845	10.945965662394913	8.3381643578512	2.510271644529221	4.372954397217763	1.983073564179008	4.6959664215388655	6.1661383138518895	3.980739056579346	7.678124069333607	2.203326964674223	4.486552097915487	3.9195001005658883	4.916342019718138	3.885346752817633	7.766956100758106	6.619365366732537	3.5044125407455087	6.177156279650181	6.740862410760264	1.9513204764092624	4.892525603977657	1.5769156462826748	4.451553415490291	2.858240723663413	2.7633101823960016	6.048618548142256	5.863403413700699	3.3308614637820813	7.963833967777364	7.284295681789697	4.491878379438312	4.606739585963301	1.947944888084525	6.948242101978999	4.348312986107305	4.819786160104716	4.239421585911555	7.542136273532759	7.662004409326597	4.853838902753788	3.8987315927952024	4.937992694348584	4.541926563764866	2.493313425412764	6.108504576914032	6.442614964710121	5.026041548597041	4.065404197498643	7.2487901881143255	4.89227350866102	4.147299732028243	4.6258506347392725	7.188256695364016	7.568459494822903	3.2342071646251744	3.793236738162127	4.843610004910984	9.328674327430132	6.72844641952813	3.6114539934580607	7.543641391630081	3.9145580766833574	5.846423892407196	6.337245056483337	3.9055523371785386	4.549475409023055	9.123983997546704	9.306643625130011	8.466930860679597	2.9883583824855022	3.217955143809685	3.9326887804324766	3.886777707852518	2.7487410270803934	4.272998712689579	2.9122803307161496	2.866206791521942	6.515460505209419	13.254706838738517	2.5123131971743082	8.767708598320862	7.436842950415409	2.5411001706846243	4.549326925620552	1.943395579725927	5.668363685380365	1.8404699392370052	2.6720562522393387	4.615012060543791	7.664642392633323	5.040751546186988	7.422070504005605	8.357166274086726	4.881889965110364	2.9665324960378467	6.515062794732036	4.292669948518294	6.7437989617698495	2.954650329175335	4.639982206043927	5.47928383243923	3.0659739857752624	3.4733344485779103	3.975855965578126	5.794504381563376	1.6476274555655797	4.4017484561381774	5.868559585372131	4.392467964515347	6.980766742659168	5.719685179440735	2.5230444343650142	5.184725887629071	6.656657229341469	6.578904833333772	6.803063494886848	3.637452253960524	7.98675955387983	1.9135762762547797	2.372112093070994	3.939153980089368	4.385387286362338	4.791632357561518	2.487959281553439	5.179970641859311	4.239418394397392	8.739382605583932	4.786578774943764	4.246992284881847	4.4886360139109	5.718192718520807	5.8968478079377125	2.966357573338762	3.21735999438037	6.392414857256624	5.186612844172379	1.9108152821121	6.888451518332517	3.095615807364801	1.9323237124243604	2.9048965988739606	8.752843340130607	3.1913564643143286	4.852544481933381	4.57489352043357	4.967368729049033	5.914414888057835	4.1014230529378315	5.397155512390251	6.6665359287481625	6.727068145610231	7.007915808544339	4.445173765742909	4.799774707027859	4.519030932708586	9.961574353791232	5.709573287727254	5.099045379706354	4.2354530525574665	5.1898533924371515	4.262819859175051	4.988126379180486	5.177680480456854	1.9544540889479263	5.207840873996493	6.861870483372108	6.81881511087653	3.6460839123208295	7.208457024476675	7.000845746579827	7.441400892976446	4.5230020579414525	6.705994271442465	5.175573172903533	1.8456364702833459	6.997517524465799	2.914363767759166	7.248579075344394	4.877156473018999	7.344717646625134	2.332983670735266	6.627078535597854	6.153778127184139	4.184494278209506	9.055148277247962	6.030092176663555	4.903129809278783	7.621045332412424	6.043996200133725	2.852568122543633	5.019644821520821	5.938304513782201	4.099784839359626	7.803336441319406	4.89957908189738	3.3252416946872345	5.865438631269402	4.055412325010827	3.840175450730015	3.129657934669126	7.680341602711056	5.5697160048136105	5.659396303800514	3.907714692532853	9.955607461603119	2.9902849371380325	9.977895335990073	3.6904654693977084	2.3128103628845467	6.8093725279349595	5.14964516124611	1.5530472049197344	6.804891035037333	2.8676685632547128	6.294588198505499	5.51456135031019	4.398669010406746	8.900242583283253	3.1801390206831672	6.811438403964679	3.70193406973999	3.08935704616484	2.8763851771757736	7.327932687966952	3.3694670463493144	3.0244747643326253	4.914661825176609	5.15225173613781	5.810651512702497	2.191000163345875	2.760579195844865	3.3487070380892767	4.488791387322448	5.164663988463822	5.4547613617405535	5.302118490518737	4.98449383224909	3.6556113167517643	6.2131331579469995	6.246999526908524	2.9743030153538306	3.7774278827681997	6.916681260729068	7.707203765447665	6.666585644453324	7.612520485090811	4.92159858220346	6.015469636440154	4.288695572672361	2.9034116166083193	7.791857482464333	4.325442893120736	6.777080407134338	7.805573296712925	3.2737847168615395	12.399911382632167	7.017331462402142	7.907531153869992	4.839759345647407	6.108752125660082	6.171217376530939	6.282119160363697	3.213599168891737	6.107010308724967	3.4146745337806825	4.03453261289579	4.930892534718366	3.9726897543691138	9.700512330802	9.485108372820699	8.984723016967038	5.739526314740153	4.363974382315539	7.097959484837757	4.926863444396253	5.806284712298833	5.325831975419409	5.145261616610964	2.188363751652681	4.038241039359344	6.682763045417413	6.811461562996109	4.783493994768668	3.5671737608183323	6.010445374465275	9.805363825002592	2.6386306878626695	8.71971000779165	9.845271765585407	3.1222219281183343	3.544382900770219	7.925868529652172	7.81541486656468	3.935754547862199	3.0281621800081475	6.621604119632166	4.140592937983307	2.4742584136985344	3.2255730841468506	5.905842755940383	4.031395314755772	8.107650299830016	3.9000160279320633	5.031520270336867	6.161843213802108	5.797559822906246	4.525887158059501	5.840419261919782	5.0479000702927594	3.1671185956023478	5.167850094169001	3.6679675965018217	2.1084988347334157	4.672944702581223	4.303096574702757	4.87981871236336	7.09264259179364	6.752469858851972	7.704381135921815	0.9913717683233506	6.063295146780802	3.9201947147988516	1.6653476993487242	3.113110614370654	5.890503554414631	2.503102195271082	5.903670138991969	6.023756339849578	6.237326271824507	6.837413023682858	5.997608779002595	3.9590763647800333	3.0221517937061306	4.852427552064803	7.287061571008595	7.823008053870798	5.608385350404583	2.9427319030321883	6.836350629675316	4.790504619415787	3.6851326930665516	5.586323755958982	3.2713749468439395	3.3073786681714616	2.6790154970052913	4.962075948120479	2.7277107942815806	4.585988032519691	12.40658347184033	5.237495233226085	4.897319353699446	9.907982250564322	3.648901379272052	3.2181149892394245	3.9217119044118345	4.684668263546572	3.3465371484615405	6.624452470370681	8.549506297445403	3.926118369012456	5.533801308887297	3.7451283944630607	9.919719560141361	1.9835657515577396	3.0478863856009903	5.473519966126539	3.009054103367795	5.887980840211403	4.845650380588734	4.857043683831022	3.5155251448905536	7.647084422751413	6.76078637660168	3.9089804523093576	3.216753666791536	3.297916819924407	3.8805823048025663	9.216838185888328	6.073086218275897	7.156758717122776	8.815250986265283	3.9427303668475613	3.778405939873145	5.3456225923844505	5.118703853358174	4.159482881879229	5.54831482353076	8.24653373251839	5.630768532785682	2.475586887972941	3.7471451530610955	7.228929010961034	4.16161090201259	4.883006564835346	4.238250061236878	4.6536583476940026	2.224585697520413	6.017563519223359	2.996411853846874	3.8805537269207515	5.628624896913423	2.916006183445388	3.5731813190539623	9.154203013685319	3.8466310015565175	7.703859273071593	5.070657300084595	3.8089277196279534	3.041498682743924	2.2805865766144517	4.90074307256518	0.0	7.994109352002677	6.897642423263437	7.092288049584036	7.630879688287606	6.222966410005248	4.250153544568844	3.0045871769330836	3.855210393116319	2.0749681348496516	10.602270319309213	5.357740033903057	4.53375977745223	6.644934947501339	6.060728037121154	5.783620327846582	3.850599631514413	5.746587483507595	3.695755210600657	6.108615708552997	3.3731303786138733	4.90466457408084	4.127546279083353	6.248882450370473
G18	0.0	0.0	0.0	0.0	0.0	0.0	0.0	0.0	0.0	0.0	0.0	0.0	0.0	0.0	0.0	0.0	0.0	0.0	0.0	0.0	0.0	0.0	0.0	0.0	0.0	0.0	0.0	0.0	0.0	0.0	0.0	0.0	0.0	0.0	0.0	0.0	0.0	0.0	0.0	0.0	0.0	0.0	0.0	0.0	0.0	0.0	0.0	0.0	0.0	0.0	0.0	0.0	0.0	0.0	0.0	0.0	0.0	0.0	0.0	0.0	0.0	0.0	0.0	0.0	0.0	0.0	0.0	0.0	0.0	0.0	0.0	0.0	0.0	0.0	0.0	0.0	0.0	0.0	0.0	0.0	0.0	0.0	0.0	0.0	0.0	0.0	0.0	0.0	0.0	0.0	0.0	0.0	0.0	0.0	0.0	0.0	0.0	0.0	0.0	0.0	0.0	0.0	0.0	0.0	0.0	0.0	0.0	0.0	0.0	0.0	0.0	0.0	0.0	0.0	0.0	0.0	0.0	0.0	0.0	0.0	0.0	0.0	0.0	0.0	0.0	0.0	0.0	0.0	0.0	0.0	0.0	0.0	0.0	0.0	0.0	0.0	0.0	0.0	0.0	0.0	0.0	0.0	0.0	0.0	0.0	0.0	0.0	0.0	0.0	0.0	0.0	0.0	0.0	0.0	0.0	0.0	0.0	0.0	0.0	0.0	0.0	0.0	0.0	0.0	0.0	0.0	0.0	0.0	0.0	0.0	0.0	0.0	0.0	0.0	0.0	0.0	0.0	0.0	0.0	0.0	0.0	0.0	0.0	0.0	0.0	0.0	0.0	0.0	0.0	0.0	0.0	0.0	0.0	0.0	0.0	0.0	0.0	0.0	0.0	0.0	0.0	0.0	0.0	0.0	0.0	0.0	0.0	0.0	0.0	0.0	0.0	0.0	0.0	0.0	0.0	0.0	0.0	0.0	0.0	0.0	0.0	0.0	0.0	0.0	0.0	0.0	0.0	0.0	0.0	0.0	0.0	0.0	0.0	0.0	0.0	0.0	0.0	0.0	0.0	0.0	0.0	0.0	0.0	0.0	0.0	0.0	0.0	0.0	0.0	0.0	0.0	0.0	0.0	0.0	0.0	0.0	0.0	0.0	0.0	0.0	0.0	0.0	0.0	0.0	0.0	0.0	0.0	0.0	0.0	0.0	0.0	0.0	0.0	0.0	0.0	0.0	0.0	0.0	0.0	0.0	0.0	0.0	0.0	0.0	0.0	0.0	0.0	0.0	0.0	0.0	0.0	0.0	0.0	0.0	0.0	0.0	0.0	0.0	0.0	0.0	0.0	0.0	0.0	0.0	0.0	0.0	0.0	0.0	0.0	0.0	0.0	0.0	0.0	0.0	0.0	0.0	0.0	0.0	0.0	0.0	0.0	0.0	0.0	0.0	0.0	0.0	0.0	0.0	0.0	0.0	0.0	0.0	0.0	0.0	0.0	0.0	0.0	0.0	0.0	0.0	0.0	0.0	0.0	0.0	0.0	0.0	0.0	0.0	0.0	0.0	0.0	0.0	0.0	0.0	0.0	0.0	0.0	0.0	0.0	0.0	0.0	0.0	0.0	0.0	0.0	0.0	0.0	0.0	0.0	0.0	0.0	0.0	0.0	0.0	0.0	0.0	0.0	0.0	0.0	0.0	0.0	0.0	0.0	0.0	0.0	0.0	0.0	0.0	0.0	0.0	0.0	0.0	0.0	0.0	0.0	0.0	0.0	0.0	0.0	0.0	0.0	0.0	0.0	0.0	0.0	0.0	0.0	0.0	0.0	0.0	0.0	0.0	0.0	0.0	0.0	0.0	0.0	0.0	0.0	0.0	0.0	0.0	0.0	0.0	0.0	0.0	0.0	0.0	0.0	0.0	0.0	0.0	0.0	0.0	0.0	0.0	0.0	0.0	0.0	0.0	0.0	0.0	0.0	0.0	0.0	0.0	0.0	0.0	0.0	0.0	0.0	0.0	0.0	0.0	0.0	0.0	0.0	0.0	0.0	0.0	0.0	0.0	0.0	0.0	0.0	0.0	0.0	0.0	0.0	0.0	0.0	0.0	0.0	0.0	0.0	0.0	0.0	0.0	0.0	0.0	0.0	0.0	0.0	0.0	0.0	0.0	0.0	0.0	0.0	0.0	0.0	0.0	0.0	0.0	0.0	0.0	0.0	0.0	0.0	0.0	0.0	0.0	0.0	0.0	0.0	0.0	0.0	0.0	0.0	0.0	0.0	0.0	0.0	0.0	0.0	0.0	0.0	0.0	0.0	0.0	0.0	0.0	0.0	0.0	0.0	0.0	0.0	0.0	0.0	0.0	0.0	0.0	0.0	0.0	0.0	0.0	0.0	0.0	0.0	0.0	0.0	0.0	0.0	0.0	0.0	0.0	0.0	0.0	0.0	0.0	0.0	0.0	0.0	0.0	0.0	0.0	0.0	0.0	0.0	0.0	0.0	0.0	0.0	0.0	0.0	0.0	0.0	0.0	0.0	0.0	0.0	0.0	0.0	0.0	0.0	0.0	0.0	0.0	0.0	0.0	0.0	0.0	0.0	0.0	0.0	0.0	0.0	0.0	0.0	0.0	0.0	0.0	0.0	0.0	0.0	0.0	0.0	0.0	0.0	0.0	0.0	0.0	0.0	0.0	0.0	0.0	0.0	0.0	0.0	0.0	0.0	0.0	0.0	0.0	0.0	0.0	0.0	0.0	0.0	0.0	0.0	0.0	0.0	0.0	0.0	0.0	0.0	0.0	0.0	0.0	0.0	0.0	0.0	0.0	0.0	0.0	0.0	0.0	0.0	0.0	0.0	0.0	0.0	0.0	0.0	0.0	0.0	0.0	0.0	0.0	0.0	0.0	0.0	0.0	0.0	0.0	0.0	0.0	0.0	0.0	0.0	0.0	0.0	0.0	0.0	0.0	0.0	0.0	0.0	0.0	0.0	0.0	0.0	0.0	0.0	0.0	0.0	0.0	0.0	0.0	0.0	0.0	0.0	0.0	0.0	0.0	0.0	0.0	0.0	0.0	0.0	0.0	0.0	0.0	0.0	0.0	0.0	0.0	0.0	0.0	0.0	0.0	0.0	0.0	0.0	0.0	0.0	0.0	0.0	0.0	0.0	0.0	0.0	0.0	0.0	0.0	0.0	0.0	0.0	0.0	0.0	0.0	0.0	0.0	0.0	0.0	0.0	0.0	0.0	0.0	0.0	0.0	0.0	0.0	0.0	0.0	0.0	0.0	0.0	0.0	0.0	0.0	0.0	0.0	0.0	0.0	0.0	0.0	0.0	0.0	0.0	0.0	0.0	0.0	0.0	0.0	0.0	0.0	0.0	0.0	0.0	0.0	0.0	0.0	0.0	0.0	0.0	0.0	0.0	0.0	0.0	0.0	0.0	0.0	0.0	0.0	0.0	0.0	0.0	0.0	0.0	0.0	0.0	0.0	0.0	0.0	0.0	0.0	0.0	0.0	0.0	0.0	0.0	0.0	0.0	0.0	0.0	0.0	0.0	0.0	0.0	0.0	0.0	0.0	0.0	0.0	0.0	0.0	0.0	0.0	0.0	0.0	0.0	0.0	0.0	0.0	0.0	0.0	0.0	0.0	0.0	0.0	0.0	0.0	0.0	0.0	0.0	0.0	0.0	0.0	0.0	0.0	0.0	0.0	0.0	0.0	0.0	0.0	0.0	0.0	0.0	0.0	0.0	0.0	0.0	0.0	0.0	0.0	0.0	0.0	0.0	0.0	0.0	0.0	0.0	0.0	0.0	0.0	0.0	0.0	0.0	0.0	0.0	0.0	0.0	0.0	0.0	0.0	0.0	0.0	0.0	0.0	0.0	0.0	0.0	0.0	0.0	0.0	0.0	0.0	0.0	0.0	0.0	0.0	0.0	0.0	0.0	0.0	0.0	0.0	0.0	0.0	0.0	0.0	0.0	0.0	0.0	0.0	0.0	0.0	0.0	0.0	0.0	0.0	0.0	0.0	0.0	0.0	0.0	0.0	0.0	0.0	0.0	0.0	0.0	0.0	0.0	0.0	0.0	0.0	0.0	0.0	0.0	0.0	0.0	0.0	0.0	0.0	0.0	0.0	0.0	0.0	0.0	0.0	0.0	0.0	0.0	0.0	0.0	0.0	0.0	0.0	0.0	0.0	0.0	0.0	0.0	0.0	0.0	0.0	0.0	0.0	0.0	0.0	0.0	0.0	0.0	0.0	0.0	0.0	0.0	0.0	0.0	0.0	0.0	0.0	0.0	0.0	0.0	0.0	0.0	0.0	0.0	0.0	0.0	0.0	0.0	0.0	0.0	0.0	0.0	0.0	0.0	0.0	0.0	0.0	0.0	0.0	0.0	0.0	0.0	0.0	0.0	0.0	0.0	0.0	0.0	0.0	0.0	0.0	0.0	0.0	0.0	0.0	0.0	0.0	0.0	0.0	0.0	0.0	0.0	0.0	0.0	0.0	0.0	0.0	0.0	0.0	0.0	0.0	0.0	0.0	0.0	0.0	0.0	0.0	0.0	0.0	0.0	0.0	0.0	0.0	0.0	0.0	0.0	0.0	0.0	0.0	0.0	0.0	0.0	0.0	0.0	0.0	0.0	0.0	0.0	0.0	0.0	0.0	0.0	0.0	0.0	0.0	0.0	0.0	0.0	0.0	0.0	0.0	0.0	0.0	0.0	0.0	0.0	0.0	0.0	0.0	0.0	0.0	0.0	0.0	0.0	0.0	0.0	0.0	0.0	0.0	0.0	0.0	0.0	0.0	0.0	0.0	0.0	0.0	0.0	0.0	0.0	0.0	0.0	0.0	0.0	0.0	0.0	0.0	0.0	0.0	0.0	0.0	0.0	0.0	0.0	0.0	0.0	0.0	0.0	0.0	0.0	0.0	0.0	0.0	0.0	0.0	0.0	0.0	0.0	0.0	0.0	0.0	0.0	0.0	0.0	0.0	0.0	0.0	0.0	0.0	0.0	0.0	0.0	0.0	0.0	0.0	0.0	0.0	0.0	0.0	0.0	0.0	0.0	0.0	0.0	0.0	0.0	0.0	0.0	0.0	0.0	0.0	0.0	0.0	0.0	0.0	0.0	0.0	0.0	0.0	0.0	0.0	0.0	0.0	0.0	0.0	0.0	0.0	0.0	0.0	0.0	0.0	0.0	0.0	0.0	0.0	0.0	0.0	0.0	0.0	0.0	0.0	0.0	0.0	0.0	0.0	0.0	0.0	0.0	0.0	0.0	0.0	0.0	0.0	0.0	0.0	0.0	0.0	0.0	0.0	0.0	0.0	0.0	0.0	0.0	0.0	0.0	0.0	0.0	0.0	0.0	0.0	0.0	0.0	0.0	0.0	0.0	0.0	0.0	0.0	0.0	0.0	0.0	0.0	0.0	0.0	0.0	0.0	0.0	0.0	0.0	0.0	0.0	0.0	0.0	0.0	0.0	0.0	0.0	0.0	0.0	0.0	0.0	0.0	0.0	0.0	0.0	0.0	0.0	0.0	0.0	0.0	0.0	0.0	0.0	0.0	0.0	0.0	0.0	0.0	0.0	0.0	0.0	0.0	0.0	0.0	0.0	0.0	0.0	0.0	0.0	0.0	0.0	0.0	0.0	0.0	0.0	0.0	0.0	0.0	0.0	0.0	0.0	0.0	0.0	0.0	0.0	0.0	0.0	0.0	0.0	0.0	0.0	0.0	0.0	0.0	0.0	0.0	0.0	0.0	0.0	0.0	0.0	0.0	0.0	0.0	0.0	0.0	0.0	0.0	0.0	0.0	0.0	0.0	0.0	0.0	0.0	0.0	0.0	0.0	0.0	0.0	0.0	0.0	0.0	0.0	0.0	0.0	0.0	0.0	0.0	0.0	0.0	0.0	0.0	0.0	0.0	0.0	0.0	0.0	0.0	0.0	0.0	0.0	0.0	0.0	0.0	0.0	0.0	0.0	0.0	0.0	0.0	0.0	0.0	0.0	0.0	0.0	0.0	0.0	0.0	0.0	0.0	0.0	0.0	0.0	0.0	0.0	0.0	0.0	0.0	0.0	0.0	0.0	0.0	0.0	0.0	0.0	0.0	0.0	0.0	0.0	0.0	0.0	0.0	0.0	0.0	0.0	0.0	0.0	0.0	0.0	0.0	0.0	0.0	0.0	0.0	0.0	0.0	0.0	0.0	0.0	0.0	0.0	0.0	0.0	0.0	0.0	0.0	0.0	0.0	0.0	0.0	0.0	0.0	0.0	0.0	0.0	0.0	0.0	0.0	0.0	0.0	0.0	0.0	0.0	0.0	0.0	0.0	0.0	0.0	0.0	0.0	0.0	0.0	0.0	0.0	0.0	0.0	0.0	0.0	0.0	0.0	0.0	0.0	0.0	0.0	0.0	0.0	0.0	0.0	0.0	0.0	0.0	0.0	0.0	0.0	0.0	0.0	0.0	0.0	0.0	0.0	0.0	0.0	0.0	0.0	0.0	0.0	0.0	0.0	0.0	0.0	0.0	0.0	0.0	0.0	0.0	0.0	0.0	0.0	0.0	0.0	0.0	0.0	0.0	0.0	0.0	0.0	0.0	0.0	0.0	0.0	0.0	0.0	0.0	0.0	0.0	0.0	0.0	0.0	0.0	0.0	0.0	0.0	0.0	0.0	0.0	0.0	0.0	0.0	0.0	0.0	0.0	0.0	0.0	0.0	0.0	0.0	0.0	0.0	0.0	0.0	0.0	0.0	0.0	0.0	0.0	0.0	0.0	0.0	0.0	0.0	0.0	0.0	0.0	0.0	0.0	0.0	0.0	0.0	0.0	0.0	0.0	0.0	0.0	0.0	0.0	0.0	0.0	0.0	0.0	0.0	0.0	0.0	0.0	0.0	0.0	0.0	0.0	0.0	0.0	0.0	0.0	0.0	0.0	0.0	0.0	0.0	0.0	0.0	0.0	0.0	0.0	0.0	0.0	0.0	0.0	0.0	0.0	0.0	0.0	0.0	0.0	0.0	0.0	0.0	0.0	0.0	0.0	0.0	0.0	0.0	0.0	0.0	0.0	0.0	0.0	0.0	0.0	0.0	0.0	0.0	0.0	0.0	0.0	0.0	0.0	0.0	0.0	0.0	0.0	0.0	0.0	0.0	0.0	0.0	0.0	0.0	0.0	0.0	0.0	0.0	0.0	0.0	0.0	0.0	0.0	0.0	0.0	0.0	0.0	0.0	0.0	0.0	0.0	0.0	0.0	0.0	0.0	0.0	0.0	0.0	0.0	0.0	0.0	0.0	0.0	0.0	0.0	0.0	0.0	0.0	0.0	0.0	0.0	0.0	0.0	0.0	0.0	0.0	0.0	0.0	0.0	0.0	0.0	0.0	0.0	0.0	0.0	0.0	0.0	0.0	0.0	0.0	0.0	0.0	0.0	0.0	0.0	0.0	0.0	0.0	0.0	0.0	0.0	0.0	0.0	0.0	0.0	0.0	0.0	0.0	0.0	0.0	0.0	0.0	0.0	0.0	0.0	0.0	0.0	0.0	0.0	0.0	0.0	0.0	0.0	0.0	0.0	0.0	0.0	0.0	0.0	0.0	0.0	0.0	0.0	0.0	0.0	0.0	0.0	0.0	0.0	0.0	0.0	0.0	0.0	0.0	0.0	0.0	0.0	0.0	0.0	0.0	0.0	0.0	0.0	0.0	0.0	0.0	0.0	0.0	0.0	0.0	0.0	0.0	0.0	0.0	0.0	0.0	0.0	0.0	0.0	0.0	0.0	0.0	0.0	0.0	0.0	0.0	0.0	0.0	0.0	0.0	0.0	0.0	0.0	0.0	0.0	0.0	0.0	0.0	0.0	0.0	0.0	0.0	0.0	0.0	0.0	0.0	0.0	0.0	0.0	0.0	0.0	0.0	0.0	0.0	0.0	0.0	0.0	0.0	0.0	0.0	0.0	0.0	0.0	0.0	0.0	0.0	0.0	0.0	0.0	0.0	0.0	0.0	0.0	0.0	0.0	0.0	0.0	0.0	0.0	0.0	0.0	0.0	0.0	0.0	0.0	0.0	0.0	0.0	0.0	0.0	0.0	0.0	0.0	0.0	0.0	0.0	0.0	0.0	0.0	0.0	0.0	0.0	0.0	0.0	0.0	0.0	0.0	0.0	0.0	0.0	0.0	0.0	0.0	0.0	0.0	0.0	0.0	0.0	0.0	0.0	0.0	0.0	0.0	0.0	0.0	0.0	0.0	0.0	0.0	0.0	0.0	0.0	0.0	0.0	0.0	0.0	0.0	0.0	0.0	0.0	0.0	0.0	0.0	0.0	0.0	0.0	0.0	0.0	0.0	0.0	0.0	0.0	0.0	0.0	0.0	0.0	0.0	0.0	0.0	0.0	0.0	0.0	0.0	0.0	0.0	0.0	0.0	0.0	0.0	0.0	0.0	0.0	0.0	0.0	0.0	0.0	0.0	0.0	0.0	0.0	0.0	0.0	0.0	0.0	0.0	0.0	0.0	0.0	0.0	0.0	0.0	0.0	0.0	0.0	0.0	0.0	0.0	0.0	0.0	0.0	0.0	0.0	0.0	0.0	0.0	0.0	0.0	0.0	0.0	0.0	0.0	0.0	0.0	0.0	0.0	0.0	0.0	0.0	0.0	0.0	0.0	0.0	0.0	0.0	0.0	0.0	0.0	0.0	0.0	0.0	0.0	0.0	0.0	0.0	0.0	0.0	0.0	0.0	0.0	0.0	0.0	0.0	0.0	0.0	0.0	0.0	0.0	0.0	0.0	0.0	0.0	0.0	0.0	0.0	0.0	0.0	0.0	0.0	0.0	0.0	0.0	0.0	0.0	0.0	0.0	0.0	0.0	0.0	0.0	0.0	0.0	0.0	0.0	0.0	0.0	0.0	0.0	0.0	0.0	0.0	0.0	0.0	0.0	0.0	0.0	0.0	0.0	0.0	0.0	0.0	0.0	0.0	0.0	0.0	0.0	0.0	0.0	0.0	0.0	0.0	0.0	0.0	0.0	0.0	0.0	0.0	0.0	0.0	0.0	0.0	0.0	0.0	0.0	0.0	0.0	0.0	0.0	0.0	0.0	0.0	0.0	0.0	0.0	0.0	0.0	0.0	0.0	0.0	0.0	0.0	0.0	0.0	0.0	0.0	0.0	0.0	0.0	0.0	0.0	0.0	0.0	0.0	0.0	0.0	0.0	0.0	0.0	0.0	0.0	0.0	0.0	0.0	0.0	0.0	0.0	0.0	0.0	0.0	0.0	0.0	0.0	0.0	0.0	0.0	0.0	0.0	0.0	0.0	0.0	0.0	0.0	0.0	0.0	0.0	0.0	0.0	0.0	0.0	0.0	0.0	0.0	0.0	0.0	0.0	0.0	0.0	0.0	0.0	0.0	0.0	0.0	0.0	0.0	0.0	0.0	0.0	0.0	0.0	0.0	0.0	0.0	0.0	0.0	0.0	0.0	0.0	0.0	0.0	0.0	0.0	0.0	0.0	0.0	0.0	0.0	0.0	0.0	0.0	0.0	0.0	0.0	0.0	0.0	0.0	0.0	0.0	0.0	0.0	0.0	0.0	0.0	0.0	0.0	0.0	0.0	0.0	0.0	0.0	0.0	0.0	0.0	0.0	0.0	0.0	0.0	0.0	0.0	0.0	0.0	0.0	0.0	0.0	0.0	0.0	0.0	0.0	0.0	0.0	0.0	0.0	0.0	0.0	0.0	0.0	0.0	0.0	0.0	0.0	0.0	0.0	0.0	0.0	0.0	0.0	0.0	0.0	0.0	0.0	0.0	0.0	0.0	0.0	0.0	0.0	0.0	0.0	0.0	0.0	0.0	0.0	0.0	0.0	0.0	0.0	0.0	0.0	0.0	0.0	0.0	0.0	0.0	0.0	0.0	0.0	0.0	0.0	0.0	0.0	0.0	0.0	0.0	0.0	0.0	0.0	0.0	0.0	0.0	0.0	0.0	0.0	0.0	0.0	0.0	0.0	0.0	0.0	0.0	0.0	0.0	0.0	0.0	0.0	0.0	0.0	0.0	0.0	0.0	0.0	0.0	0.0	0.0	0.0	0.0	0.0	0.0	0.0	0.0	0.0	0.0	0.0	0.0	0.0	0.0	0.0	0.0	0.0	0.0	0.0	0.0	0.0	0.0	0.0	0.0	0.0	0.0	0.0	0.0	0.0	0.0	0.0	0.0	0.0	0.0	0.0	0.0	0.0	0.0	0.0	0.0	0.0	0.0	0.0	0.0	0.0	0.0	0.0	0.0	0.0	0.0	0.0	0.0	0.0	0.0	0.0	0.0	0.0	0.0	0.0	0.0	0.0	0.0	0.0	0.0	0.0	0.0	0.0	0.0	0.0	0.0	0.0	0.0	0.0	0.0	0.0	0.0	0.0	0.0	0.0	0.0	0.0	0.0	0.0	0.0	0.0	0.0	0.0	0.0	0.0	0.0	0.0	0.0	0.0	0.0	0.0	0.0	0.0	0.0	0.0	0.0	0.0	0.0	0.0	0.0	0.0	0.0	0.0	0.0	0.0	0.0	0.0	0.0	0.0	0.0	0.0	0.0	0.0	0.0	0.0	0.0	0.0	0.0	0.0	0.0	0.0	0.0	0.0	0.0	0.0	0.0	0.0	0.0	0.0	0.0	0.0	0.0	0.0
G19	5.068677246650616	6.081167729365438	8.219907618207548	6.867287649434515	9.71682924167593	6.604958263343176	6.898843611921643	7.641618711307361	9.05852204304937	7.26621151993029	3.3756775591292607	8.34651083727312	8.919875814204586	10.067125702346962	7.821120179150481	4.2934636562664075	7.9633732798714885	6.014481851884149	12.87289946522706	6.728776267906245	7.704842227583974	7.5846233689936575	5.333962486047574	4.4356151622337	7.161897499079466	2.460802712735241	8.710188933733775	11.782504610295685	7.573347069770103	7.8943463146224	7.4757146477856935	3.672828522574545	7.746339549132668	7.850096467865953	10.820655344914485	7.411125820118241	6.5805835240140675	9.184191813658694	5.609233483018463	3.5315962900906586	6.777166813946836	4.592976511027495	5.4784110701371285	5.856175097173677	7.127739714753305	8.669003480053593	3.9084951020941463	7.977571026764392	3.8700359584349004	6.474365883122446	4.2811945618268235	4.280091506023011	10.462297535225726	11.118630035714082	12.48233768904493	8.318477867025113	4.198596586025383	5.348729706105203	5.637331901503642	4.941997265139771	9.792009787016054	5.391282219703947	7.30803870315001	5.87973935466054	3.644421930374676	7.7316144887907745	11.108433528922706	9.884681418389171	8.862032568059373	13.837758996250782	9.291041633483195	6.244966941864293	6.041200596962436	8.61938949928062	7.210536280663781	7.5334467814485855	1.9690800433164137	9.771926085037359	4.863740011147363	5.299778167864647	9.195589363899677	2.548957683862976	7.636131125612159	5.500412192202973	5.053883120184961	5.292755826837144	8.165754291263688	7.371136479307348	5.952495017667058	7.917542904928969	6.695140730895171	9.560109810720883	12.063984973416005	7.767277516167675	7.030045918230263	5.715485198602937	3.7979852598906443	5.292608341920074	8.182170588638307	8.97248779146752	10.672262856034882	7.81647604963578	8.807793139115232	6.198307711033304	8.430979158993583	10.947432960117954	7.201195013312854	4.491631524378101	11.291172467399658	4.982579636531126	5.200785186512548	10.81309215483862	6.672250073919608	9.615931755141013	4.86621060355607	9.590383827819549	4.065330468197574	11.77360168483168	8.148962343122788	6.485365802281108	7.17914825578537	5.785862601483528	7.696666677851718	11.506748511558389	8.027397070426995	9.96095348477101	6.226306213598619	10.337040889630707	7.30476056616799	9.355205717785676	10.882336747048287	3.8927150765336953	8.248351348555174	6.832968789791275	9.654645554938599	8.766624145984505	5.465774440766248	4.947669621514996	11.508801463815505	6.000647235849484	7.0840299582579735	10.543884134609913	10.18104579018609	9.301235923999783	4.070406768127026	8.6730089188178	8.792201356608851	5.7267886373494825	7.938054705559128	7.681110162442354	9.965314507371549	5.860527582295491	9.64814243736249	10.506006784750786	6.542015313545798	8.731759146686375	7.084549500151479	7.100014487328875	8.850368195892816	4.846239038747462	10.006350911415847	7.817299250977667	3.040793186850014	6.666901603285418	7.3214150343568045	4.8515891676178855	11.385018951522213	5.702026602534148	10.699280832253173	3.007704416320545	11.752315779931068	7.034188768756252	6.053828113260488	9.363906300114662	5.476462032158773	6.21565427945213	8.732109732831026	6.9469041696451965	6.392114261474188	9.861797280561657	7.224957993271386	9.45255455377481	4.315286782582462	8.859365580712693	10.082718651069218	6.0053302127013195	9.870736463151788	3.7889080706133034	7.977766623721729	6.047900821742261	3.300217095421185	7.019824783213458	4.633199090890917	8.61701736607394	4.345451462139975	6.297437378553656	3.931078373109902	5.133361234925088	6.818243110092033	5.850331318110528	11.676825925785927	9.633646929708718	3.9535449356608985	4.678807740890686	6.143789580731911	4.89700312519506	4.957768102103151	5.91389368376734	7.808944556614568	6.616818410931359	12.782674410454598	5.92786292847319	5.765758095889568	2.9969063689308775	3.878694280582077	4.771599741042657	10.453504036799892	11.489388457595012	7.649775758730429	4.921542928879907	14.815098866658333	2.3705935569900425	8.224335468371835	7.52743217761568	4.727838046132757	3.984753578030088	6.381894855317559	7.732654458080217	6.828901790027019	7.053393359933885	5.8054088338739085	11.513201125073824	6.0418362405980695	4.8788427709592455	8.38568532574684	10.99917677211629	8.777022022182894	5.938814125834937	6.714808259724978	11.120570087719258	6.777738193316322	8.827325403071987	6.513074996642044	7.876131664740054	6.010927669986887	5.3532027930300545	8.227154485563881	8.328704159864136	5.74157123038965	7.991191080649741	3.3205865868311135	4.754289975436484	6.521164081849036	5.175866773664576	4.9926369704112314	11.110720119607553	9.07932142712989	9.763664142042288	6.166839962484852	4.865987020226852	5.590450998745493	5.774926926387648	6.031686753774501	5.818423231012445	8.739922667103961	10.776332090330776	8.346710265814044	9.571045575635761	10.375422822330503	8.448684541258825	6.044360049803149	7.182975675614277	7.833142149404093	5.236762466900664	6.910216799302118	4.9374485770249565	7.504293522944915	8.2638340118463	8.494483225664057	7.636083947537452	4.595821934533556	6.087084447268232	7.745606007780982	9.677137750216874	2.515380102834476	10.636056712553264	7.685727579136948	9.074163609953871	6.430311129296083	5.523800929888991	4.9990178825786735	9.281173424434385	11.614488873677553	6.519359052672909	7.052166561764889	2.939328299815113	8.290201444535375	8.258408014933279	8.709979116825973	7.649946620104141	9.78652807710665	8.661954742952851	5.725528459189931	10.35204706981936	4.7682494542109675	7.692443185754752	7.910953006463651	7.314207639371194	9.835464169881412	5.825464525108306	10.845984709657596	10.75192170430385	6.4786210135477935	8.932139403088984	4.61412942182575	9.801366145155693	7.756460970182733	13.298556496674715	3.4375690976996243	5.992054504776385	5.172172830188185	7.799186087507976	5.608382319066951	8.583208251044782	8.665469031990789	4.302279256061471	10.832753423554827	5.504026334538707	6.8223646892455605	5.14535368487253	4.688822002675219	3.9485930963900078	6.107435632791935	7.199603282003133	7.965887447362354	8.865929180885615	5.185949238727568	7.5685097043485055	3.1342704254737277	3.9691696837832566	9.809571148938259	5.214480880727668	6.232322014016771	5.44712431057656	11.723398617084044	4.059411792877741	4.663366385997946	8.720148046607328	10.625922403170922	8.259370416944686	9.345256777143812	7.112756750971767	7.32231995778249	4.887544173891654	3.716703535266864	6.868913240413824	7.251619225240588	7.073884319118498	4.699105127570697	8.465049588151848	6.643110516829186	6.761669017508363	9.649207388918297	5.514314156826227	5.9201523680740475	6.447028364268747	6.031431452725954	4.649934394820499	9.385100837880174	5.640381189990323	5.73982386259049	8.710453351501858	6.943174151919498	5.481438205584713	3.9248225291232592	10.357766392745333	6.0048297694705335	3.99256530813111	9.61336433204782	8.122896053141364	5.205594106814715	4.124584262519823	9.108610060768335	3.884221278116224	7.8241626116120715	3.1874965237577855	6.277659079090642	6.0418394408897775	3.8260197099934725	9.838174203363081	6.34182608450637	9.192699568164723	10.915836390066223	10.38930996689316	5.718462798022814	4.967067621452426	9.28746362347005	8.995477637337576	4.021884957278541	7.874271244072288	3.6664397000682913	4.4741018738874345	9.54748567980211	4.882761641660449	7.590281565401893	8.51808744417445	18.493307991545333	10.694506285757367	2.5356349945343144	9.429278582844576	7.951964831159379	9.655969608386645	10.523977130963003	7.7341785519703485	9.721229384293895	10.513823464604922	10.941368111422108	6.9074998879620795	6.597439366064256	7.104266745321529	6.637879934578421	6.075572841817725	7.760843102888556	6.077600265966927	8.355056817331269	8.757847769809862	5.273969358394588	7.359849582228743	6.085715021328316	9.235135647418387	4.984953726850556	6.90908592348148	6.905517774055506	0.7792155878159933	6.70146756761449	7.434785613008699	6.252952274107341	5.833547558933222	7.7307271844661045	7.394527320031958	6.752799102977339	6.101863927753725	8.341621073207163	8.40669587369047	2.995590457131691	10.510699337886749	6.822672132669474	8.865343773105339	7.899177774579362	8.737099651959737	7.814490684384127	4.264298497024383	8.30937361783076	6.906338495941317	7.951439402580206	7.913347345503661	9.47996347741771	8.54972322549462	7.317153597908261	7.556564059671459	6.686903135407056	9.788947771887129	8.567421439359327	6.0136034551045805	7.562801319055952	5.577390262346996	4.064904840649458	7.737211562571942	8.97753603989844	4.059512893590283	12.373780535567562	3.2637579437129682	11.435264373134723	12.590792637484967	7.857854732694597	9.945403726603365	6.868725201056228	8.507904712396478	5.381847356593142	8.175282707685504	5.800591887498038	7.5649345756981745	8.383742685755205	7.645713454282897	8.713938405861224	5.088904265677017	8.307314096302486	4.023489663267913	5.464153543385347	5.539643962650851	3.94155839895654	9.33956682989085	6.028190993391973	9.612614329393278	11.918687074319868	6.69220122642786	6.847652905333619	11.115120479877989	6.838007029039064	11.676911949533999	8.044536718821517	11.749036351122202	9.220456940824285	9.454897583789442	8.762444765168159	8.946276000103952	5.502951063323407	5.672388487414309	11.228091793156343	5.726981788457095	8.00624912763033	6.842559204578412	4.806129936821817	6.1618235016827185	6.078686700766227	7.669976051583607	9.043817549322844	7.126557988415814	7.045199586436761	8.208196255686227	5.5220530363915605	11.084773210715479	7.665261106333668	4.940214887814516	9.697109318017477	8.012452876374374	7.573115019375113	8.379244749034623	7.804924624876661	9.296838339439343	6.222570313873671	3.603441589580771	4.961243097892988	7.083214087861042	8.978460042270216	6.582283338122789	6.356438550073077	7.403460784406259	5.193307165829351	6.059865555604246	10.006590994659117	8.797277183277796	4.270236505457302	5.542553604154562	8.341689110124658	5.796561941695174	6.911691237601082	8.698374180444171	5.359840746735828	5.272370381838793	3.5192252165789566	13.583469972478794	7.389896210892294	7.042484542083309	8.683357294254332	10.227073262025742	9.04256333897743	8.266487661437962	5.578132943055635	8.163831266760608	8.077500801985504	5.196021752560924	5.655944764857692	6.6343121546713935	3.9878068588399027	6.958543716584188	7.863575269226262	6.016896241536773	4.320722234784336	8.543197509407124	11.695988466152018	7.840432564909601	9.651699073611113	5.405794399954799	9.588994291354481	6.67551506840677	7.322072536053486	5.582161908838714	5.34666747619372	10.692360258509938	5.759663877223439	10.631444471216968	7.829033204223143	5.2602754778274	5.466660075041564	6.766491839558275	10.87048899128333	4.429195958454218	10.953612428952608	6.786857275371231	11.229708978523005	8.11864691283367	7.4759587824315386	7.935868164185477	6.312270491438522	11.61715532051071	3.0554512322571874	7.118460357499527	3.858431584441041	8.901863517046108	8.226486013994247	7.900240753515798	6.8142222360901155	8.542337612315539	8.498724297153757	9.796252150066156	2.9157638857520274	9.718076494921604	7.615823237678951	8.90650428449188	6.813922673511938	5.312165457270807	8.545445689767071	8.326352253265606	6.533240753087023	8.663342008107184	7.187200622858296	8.61049900736073	9.083726917483283	8.908489417707441	4.513692550063713	5.325254486037098	5.288243254789136	3.892710119098841	5.114834856818668	8.33931078531009	6.007905707533491	6.299225324137468	6.844082917182334	5.065961226481205	6.52753092935051	6.425137118764648	4.995743924759693	7.4966531622282595	10.027171747319661	11.130951673173199	5.439883230414564	4.237721357808929	3.423841423412752	4.809258143611632	10.23247409780402	7.4319657731372475	9.806038266469633	6.9347910363609895	6.88596793913555	6.437135746061491	9.088470745782736	6.811277467287924	4.885628804154538	6.779464691621758	8.211206606214706	3.9385959232429006	6.0651750325115925	6.112634197879588	2.5208025420649665	7.663904762181662	5.093007601794471	8.656542024717757	8.434770972175732	9.167815856869243	7.804319836304195	7.776209958921	6.176154471850834	6.091847287146898	5.797475558981514	7.510280040782892	10.096449915122209	6.90935125875223	8.852280966388763	10.374152745766533	8.497131941557479	5.349539786986663	11.6890575075402	4.087347966216604	5.509196525063282	8.70887625928315	10.00779319392596	7.414609943374108	5.8349622396430725	8.958291115916223	6.433392666789394	9.43193395173881	6.889935055603525	10.01515811600757	6.418120351906554	9.752654069817758	6.6062589146737976	10.257312758466162	9.765417724938546	3.902344716872428	7.639272654500485	15.8516905283871	6.697139640368921	10.109848577776775	7.278607743581217	7.9879177506045895	5.174762994610329	7.683736164631972	10.284673471778824	7.723177732424198	5.047384351087739	5.836008677038261	10.604922774998023	8.75153155191225	4.991876564008164	5.998842509479481	7.504818533788118	11.168008567837086	7.776744591545761	8.04620968720496	7.159027038639682	8.04030661847978	5.7763014884842026	5.87417926381239	6.039644743483811	7.057194389115053	5.778518726200744	9.14759060918056	4.978075032056368	4.151491823834468	7.098985139835883	8.823576883092624	11.335005086561818	6.9181004389190015	7.4589654007447095	10.393976768568571	9.811936096742517	6.153905604999918	7.8704132384425485	5.694445615590046	5.6882629156931035	9.691775394107871	6.792306193091072	10.579849960968431	4.5935753315674175	7.142991951846558	8.517463766470017	6.332846405501896	5.32661493684345	5.238111517571338	8.983216039402379	3.5772525806171487	12.821635675158289	5.903224506252543	4.884588219672132	8.164735489564954	7.936748400255306	12.632747853737222	8.831507366727239	6.160132774598156	7.830541984395235	3.8932643317609847	3.90523169431908	5.9963878079927	4.320608615969543	7.101063142190712	9.433312018770843	8.027275589559007	3.3578923833086387	6.2565089130827625	7.119852662957911	4.20522899093664	9.845972485505028	7.249866922002691	6.881744342424737	8.573044059906263	10.051431500928347	3.9737293912390115	5.483309016483287	3.2954390189086387	7.976766459725699	6.778096415515412	6.758601673312165	10.500822876383314	9.670223658554843	5.475665034963724	7.854284935313732	12.52625058989911	5.031463921223225	6.252996642762602	11.0142192461289	6.624217521881294	4.203271926720035	5.9465634460247525	6.873245817859034	3.918284150135869	5.191965211427572	5.956078331606244	6.106924001620302	5.491639928639117	9.036154299492775	4.262914477664259	6.741350637703204	6.8996073046851985	8.538057882526845	7.5460938644807625	3.6541455432028567	7.2176781022079615	6.757556892571701	11.657060585012712	12.815696153703902	8.295985686677078	6.834808714545947	6.678101226395124	8.566108075860782	13.357848064337771	5.130996026989584	7.787684560741196	5.708107212147094	10.760380278772178	8.43452723814248	6.9784714613264285	6.708662842408764	4.410073175351532	3.966976142535056	8.065119831390978	8.127946479431555	3.632855480762438	5.648096250604541	5.484385901053316	11.788133935509157	7.9146764975804915	9.680965923139546	10.685717441506288	11.107224735265758	7.615523263600811	8.607297146577018	9.864502548390844	6.487880405276671	3.902753415803877	11.554702522863938	1.0743344090486857	7.80144340757348	8.59785228300449	7.958391589313578	6.828715205495843	8.969923069654437	7.008122106441432	10.05043665687881	8.065598176140087	8.024335036085706	5.414013254303213	2.401203720181372	5.617386356713308	7.573486892224708	7.660116211655704	6.11909220805497	8.643291214068237	8.92104200942089	8.153163561134296	5.784337170889917	4.567876199926233	6.742689608405876	6.58682284352993	8.920870073723858	10.926451782753722	9.601063089015808	11.97435410809589	9.810570396013643	8.643068262683816	5.007182441244127	11.988770676163265	7.771326732708495	9.946312750135515	4.872626988989355	3.9813153382271085	11.09802046797949	6.779564442527644	7.691660217817628	3.857607079854904	11.590836269723846	8.625375510489977	9.643730334701319	6.254310516043535	8.998792797166379	5.889382137474556	4.970670472439722	9.26854337487383	5.27898337523481	7.648453213149648	4.421788935924985	6.0463495348327605	8.544662978831878	6.931958971225517	7.53963579663763	6.534322430562314	7.587722613916856	6.6371496584984	9.709899467625112	7.544210269786453	6.329732864317191	4.694405385038883	9.148599160916136	6.699528483921784	9.506784673775897	4.45713921446964	5.9474582432325676	5.195679971580393	9.466712893193053	7.4130840960451785	6.885170276892897	6.070617306364809	8.686768233319965	7.16313985499336	8.861108218789122	8.766301698114402	3.9129466864711118	7.1779262207079295	7.759483151605033	9.119634752754676	9.221209128348988	10.729013071468046	8.893188110975577	5.944197111318607	10.370518517830194	10.988544298061688	7.604145770485898	12.623783409800822	11.742970683314407	7.782528669540796	12.634597116310358	8.616257694412935	8.430863080362935	8.916335669116949	6.299093639613759	5.707966665142656	4.917834092490478	6.6682597287563885	6.375628562752008	7.175589716568143	6.1522685818492	9.159736608017464	8.148126072978247	4.090907540842376	7.289080604737032	7.332028276173035	8.819495737688317	6.835261484127869	16.65800213486901	4.549347469409177	6.832668913016905	6.635883991221875	5.909502130165431	5.861366174645904	9.417158790773492	4.904001078556905	5.937939696112465	5.982904699657786	4.369044591320216	11.317419461320325	8.881763941672707	4.615624166947018	6.486939436730453	6.932133227678821	10.900241320764623	6.618896707565137	7.3149237819660256	11.783195813430002	6.558878983588319	8.06144833060999	8.961485557985181	9.404451187007632	5.846080509279983	5.900356178395195	7.157242486920155	5.565921999782581	7.104330264109578	6.464311411571223	5.803137821579048	11.609401173035504	5.892883612053942	4.876766804358522	8.189872515994326	6.947875788885816	7.424243963385798	8.712004938981721	3.8857044982448246	10.58705063205117	11.65105522915759	5.884861901058723	7.572619690489145	8.122294107521393	7.939997527862269	7.50830301062956	3.6976026666508304	9.063504787139982	9.187733345779092	7.533940217009786	7.329733150002876	5.015680725729784	9.554207545315244	4.420082253649876	7.448124252111264	4.896267158021771	4.976186057420245	6.295686116746021	11.010007482075887	7.789090551573431	9.455310455551274	5.655478115187131	5.579399504956067	8.331375476653896	6.899194893961165	8.807688472977004	8.164950494847854	5.839948910379482	5.820921471995063	5.007305651206912	4.8408487817342705	9.907122471259553	8.195857881935451	5.920265574288047	7.212605621816543	7.7716190622125465	6.924783615963759	6.043572051554519	9.399049696072538	7.0836393810738105	7.965999059771692	5.9798649851840375	4.250794149501522	9.661966820138732	8.256407096925404	7.912238881924074	8.811883705004012	12.179875323657878	8.338424053846962	5.87730306685966	8.052144344689724	7.053709872210996	12.687653504835513	8.118112091712794	9.110397880016043	7.7588039362443215	6.813950675992881	9.998139481625735	8.76498508201243	6.825258989173844	8.545223909256967	7.281295066106137	9.157304535836724	6.1301828528873346	6.527683779014569	9.373829224871294	7.118098222696879	5.840977584697501	9.376894991361878	5.2988704847616726	8.483967229950473	10.021475333620135	11.56303124800911	10.48471468637212	9.10811225316487	7.2861460009812555	6.901031702511159	8.011162971850316	10.502423792377009	7.436784761907336	5.1470365790381285	4.394287909711772	5.076692975418327	6.969069373711807	5.749505026711747	11.674099641184128	7.830913468864711	6.773162618673275	6.890442940094795	9.749528040247995	4.460528622413513	7.14562711227773	4.799638399218848	7.563460931692003	11.921255022018569	5.788067069817941	4.865976597276693	6.575056308265934	6.746345006986598	8.700054507080157	7.260057796720518	11.838072579114481	10.127147211957936	6.357371243081761	5.400376860333949	5.9444668923131285	4.86727394878242	6.002130777345552	9.848622981471786	10.236777413471895	8.913511654408952	7.509241230853911	10.173415937441334	9.756510383731872	6.317774271756281	2.979960675083035	6.1562402185415515	9.981689135335303	6.9932208403552485	6.280080198744224	6.713402141532904	9.07453294454713	6.4267697557318835	9.156606108338906	8.456884652725185	7.394620736571254	8.814662801740116	12.452336214575741	7.470210427818192	4.650721318261162	7.810549384764674	6.60350107641688	4.8993158325649215	9.136744688277146	9.211381997380835	11.140929756937844	7.97950927326612	6.970853059232259	10.851700758145599	9.744814002806367	10.81333796560412	7.465011750886316	8.040661292852285	3.580596107579347	5.975166507737759	9.183619048877189	8.918919362888099	3.21124547699034	5.7419990048522065	6.824920673495641	7.769351690739148	6.999736063526139	8.563070312265818	10.633829967567339	6.929599266990718	6.269245517238668	3.052526325418228	7.625794664806766	6.647186810352563	6.488384666735234	6.029511883421263	12.906027762277978	11.733454833602346	7.7144890185785755	5.386130963848542	7.3376276849657955	6.584723853189521	8.977800548587735	8.475649267065686	7.870446811176075	6.98543311907449	3.333604663278838	11.6163891107423	3.028486618892977	9.050347206414653	9.066465902584243	5.7075644438461275	4.978570793250479	3.349829089387546	8.559746390179676	4.889415360025518	8.703555972869093	6.798189160473293	8.668891615698435	3.8870660442389955	7.628299078129841	8.723646065876702	10.525889919855016	4.740017754665697	12.747146256142926	5.717119791828386	5.8815091650702325	7.565050268274707	12.98259723976565	6.654439763466986	10.429295173846562	10.217046716476192	5.683508001694854	7.820773139589667	7.41272412492184	5.696378622839814	6.04069654923698	5.878647291201407	5.835699389008002	5.715619897394656	3.7677251186300587	6.647438313938673	4.543827706878965	5.868337211592842	4.006489912720505	11.85252407445671	8.325680744180504	9.174485673382787	14.675666634130826	5.847656241024627	3.9511582274139085	6.645874321050256	7.101578326754779	8.831514953669634	4.850358567431429	2.9704225402275455	6.781733423379061	3.0012565250274568	9.207034581422793	5.260517991264291	7.073363674944059	12.05363231764627	4.386138016459177	9.158301169840069	7.208191502749022	7.1070279472176425	7.038834087579624	10.119247471719731	11.52119011675769	2.470766566460979	7.263332307152651	7.814860507762905	3.880224746764478	7.674785514566727	6.610161621310646	9.356374683260626	3.992232642858365	9.817591386676328	6.748398415994764	9.71949073552579	8.17369247623675	6.689642158805528	5.840909540489164	9.495489457432107	8.520412815633211	8.22666661384668	7.865939929220566	10.537716295591213	5.049344364982615	5.9113296883858295	6.285772414671733	0.9506859781902072	8.427598558823103	5.734784397786856	6.894974997309039	5.619674198289123	8.253159976090602	9.38348694219089	8.28681594874437	4.933360255167776	8.976156526650305	5.698743835457541	8.937704813821943	7.5712609913188995	7.51296914839429	6.336873343498055	9.633700234050554	3.9505014661915747	11.178711440207088	9.814696201173383	3.6047304906797684	8.327358422996127	10.266381117279467	12.078444192207824	6.480098287411716	8.292736775023235	6.471168300497609	4.895483132885334	9.611533783513227	9.457999538063524	7.981599543849257	8.609489007488364	6.700584892354439	5.005487539377457	7.626636725215598	2.364463103778931	5.34584293957009	8.724415139920785	8.364485801241639	4.015241432058528	4.981372697030036	6.218809487767204	5.7745316471699795	7.9085495131995955	5.867237270721477	7.794445065810534	9.62627624009907	12.935142126854155	6.004042747684605	6.859865141461142	11.754136645430112	6.974860683886756	7.798802299610878	6.660058812567882	7.326049115065815	5.0407962651420934	9.318143167628426	5.985385837882936	8.978564726380277	5.173886886049852	7.440316754610904	8.895222389547635	6.020939262576342	5.459673058451978	5.643001157135312	3.6987936877105385	9.723442879187354	7.167237123144602	7.354159324883663	1.984856248018197	10.109582473138326	7.5296465388827585	3.11173416308067	9.240125687857288	14.405289341931079	3.722869598244447	6.463198925168831	6.318783781906743	5.493460767234639	6.068060707726721	6.567388223028979	5.039823492715405	6.993473748071625	14.412674979853522	7.841274426552729	10.00770908506144	5.516879776848828	12.879482874947886	13.008713215376085	8.783833770346433	11.160379493336821	5.426684866179006	2.5420082502034855	5.707425883929429	9.862067507029456	6.814841252569489	5.981348799797512	10.98336270364917	15.548148761222896	7.107641615252681	10.01647033768167	6.652391794518765	2.5277140626310812	6.270976431640241	5.269772827417187	8.657698006724488	5.2201634699375115	6.608137956726727	6.804124344366733	9.885140689686303	10.066385716952219	11.872681755007857	8.636786693790963	4.504864415581705	3.690077295485754	7.289072492249811	5.743097695588121	9.274386258666514	7.901513701146649	9.908309764435929	7.7058054671438425	8.621847096523537	6.805668037607193	6.479914897024517	3.0560167593787897	4.2628204234618385	7.3375631192878705	7.638091025261305	5.960582419263099	5.569189945129015	6.85102379418034	5.477575730098894	8.778439052624305	3.845865082818253	10.600166132345825	10.443178438720928	9.073469063886943	3.8836160464320995	6.537283491785152	8.1452386925904	7.767030356666584	6.163062591972733	10.706680154280647	6.906334298369185	7.26975220420673	5.63977002848544	6.095865705479444	5.6604237693496255	8.721119612321942	8.98681450728137	7.129526883472297	12.641019316170063	6.050957886645883	3.876811892696328	9.072660746756378	12.566359214413298	3.954720558208876	7.39217705312395	7.56617520440173	2.96793511123004	9.276191127510605	12.163928888666485	8.999803598231036	6.5351932890740185	9.476141112036771	4.357130029354448	8.763558774819385	7.061551163786094	11.604527664213117	9.610315363071464	6.878788766528424	2.9995610172779714	7.119500682108449	5.11464156829851	7.8421292440033685	2.7146236322623274	8.543587969555464	4.556875639379127	7.289997793869635	5.527894580213435	7.1931106326248235	7.600740626299329	9.387715762860312	8.64349594464091	8.823860693947967	4.046730736742702	8.212499711598449	5.905674659035984	6.972884994762448	6.8010668057216135	10.340758806908319	5.385990433112347	2.236558075344926	9.847769337822468	7.118437521390011	5.956111993143551	7.501150589943369	4.86585225159794	7.755897486108142	6.905637189203073	9.099972194248897	9.577551263797863	8.507946265910437	4.9683934387535205	5.509741090330547	8.699735324356716	5.617118679419587	7.8784502566435615	9.284160456223372	5.912890703783345	2.238226555109584	4.020409237277115	3.563349144076212	12.126479902103263	7.86675710227397	5.4385806836421935	4.023140342375465	8.234490266947345	4.333964457125434	8.220287891999297	7.0177672108712805	7.771468882011195	3.7961286985636167	7.031749137593918	6.111745916952468	8.330471626630732	8.048025809680267	8.092844432590127	5.522279242758976	6.8421859708466854	4.8695771147422695	5.203863868535549	4.96339503862878	7.857197951353043	8.178817154683975	2.766025978044469	3.27629510947116	8.103027392678278	6.126038191373807	4.051125869358951	6.903717772204154	5.733266650916745	4.135800876042431	9.563950984798183	3.97678697334052	9.914653046290903	6.277844956421508	8.916837476589189	1.996871799279361	7.919289706530447	3.7419489686697336	4.55740587796033	4.91589476409277	6.928731862530977	8.791323607110183	7.516437011347209	5.015658178367682	4.569105892157308	7.464685022072404	5.236542699742479	7.865324649787577	8.448225157944533	8.359417409964127	7.571822828536366	6.376644014304486	6.0976609250965295	11.945953887854628	8.984549693052362	8.631168350994209	7.870567093881974	4.021493669468365	9.537593397695444	4.305818160041692	7.110529472197121	7.878079817342546	4.405005358681196	6.938727489311241	8.861970978606012	5.720740921004255	3.937589317574952	3.183408501706831	5.807391958528474	8.527204357793304	9.973202173052147	8.403524000957555	6.168386134028942	5.544689532333806	5.683179905529557	14.586589363246592	6.488180269307231	9.740203744307507	4.250677000265862	4.616340391647198	9.127723044341613	6.106971984788879	4.925084088969919	5.581316665637689	7.861062575360349	6.306900156123666	8.123637111896123	8.595654223217467	5.615568116058654	3.8271945367659836	8.966929731829143	5.607368075330378	6.0605224471502215	9.528564192250805	5.861513476763116	7.012548487697469	7.886543688294451	7.373776320296421	7.191938359723532	11.290235843915953	7.503535098794208	7.399507603466346	7.043859208303559	4.9045114128454586	9.919981686496868	12.674820962512111	6.49048350946395	5.481288792345472	6.049391651496428	6.0428540568528595	8.9499210222885	6.030759928043921	7.747504721640741	4.853468755472607	13.82584594352012	8.252956636691382	10.308742527705274	6.214135063962028	6.188159921490108	5.851985881394623	8.56831784937552	5.995103465789978	6.512041893450283	6.807398694189041	9.01704489440329	7.357043416861534	9.746566264010113	9.648553861254415	12.311095281571873	2.757602131248209	9.63895592616235	7.143789640202862	5.613216992680596	6.4844630522676034	7.445646453443485	6.857811583620934	8.57662714929161	5.903647690080384	13.372518061811434	4.98341417052594	8.765749314438866	8.829951237247169	8.35334086294826	5.3568495399744895	4.993018090230149	5.850722093737315	10.039422339602687	2.782646285177184	6.054009962178788	10.930696418004985	13.454370279772348	11.86037499163862	8.75624279958914	7.05049146434258	7.2050129872761985	8.38817422831392	8.808737134781456	5.371732132410593	7.749667158284698	9.178682476917375	3.2036539219604117	8.387886620773374	8.59542064051454	9.607657304640549	8.63906582337318	6.440351928523595	5.938661089699008	8.745767559377029	4.469501083660097	7.810264870356103	1.5806853797044689	6.549587629474163	5.958011653615147	6.5783630823802985	10.780578482410386	8.75327623312236	8.017632988890284	10.104609965692912	8.62290191192245	2.5565167715722645	10.332666479614506	5.001720661286059	4.971848154885508	9.211870072775355	4.5878468825105925	9.336852247303746	6.556380864090398	4.8840298446956725	5.256899485746056	9.88726878424662	9.669292826263339	4.698022592922101	8.091688312730165	5.793559293612858	10.81694728289734	8.320857885020637	6.214856660151362	2.867692477942303	3.0723135801003782	3.42822530328333	4.92167517037381	6.712463269348012	7.682250369971913	7.181909134766796	5.882760470064324	5.990922277108549	2.828539080913798	6.439052645427512	7.8654938891286665	10.331875652275823	4.320116180991802	6.698085336723642	8.9919194368606	5.843892438938762	5.482742675442118	9.386246488600523	8.801962287788427	10.416412553783134	5.820295105072579	4.596744616116461	11.204417621474537	3.3286022092276384	8.897225251482807	7.182899289598116	4.4057935559280414	8.06740024783756	3.4469669586408846	4.975644686648186	7.394919673686146	9.927450826254352	9.702389309499335	10.651404129165321	3.8119401687389582	8.725996629097924	6.060625190400134	6.782325677883099	7.452457830268567	6.513601636372812	6.008423132846829	7.778432434530119	6.605504253005609	8.466751968062859	2.9167826336466023	4.351782863078629	5.005072505184119	6.243144548157146	5.1611607951814245	4.965062680104078	6.7336952078859165	2.988374581063251	5.485719299107408	9.41342161669352	5.595681443885923	6.7421778153464205	8.40760073426534	2.869439325986574	9.267771828249966	7.7409676561051555	8.366254627471587	5.307098336008756	3.8626123672019625	8.24378608946473	9.179721991669284	5.751354567949078	8.57889758960975	5.929943106071615	5.6976564570775015	7.928619794862462	7.1986004861961845	5.378215672695044	6.720918263672814	8.481457319658032	4.943136750835583	10.416301290045467	9.365794685520665	6.833117453873219	8.715328080890291	2.9365130390537693	8.865291784408933	5.669786934784305	6.560020688000252	9.63949571528012	4.9924575674706375	8.616251350585356	9.700134661316103	4.000224982968258	11.081367248095352	6.679673805721999	7.736285040929327	9.962110626652919	4.907566159215794	7.933219269391759	4.8781976404706295	5.859709064019952	6.303708825589835	6.928671734845389	6.90984259272027	3.9806626825316975	7.743378021434291	5.121356892105639	7.6011965893023214	8.559404109682738	6.310610854752319	8.114987489956004	7.1696929684226065	7.262327652093651	2.950763139167398	9.209768598427774	4.90105066470891	10.74555974463863	9.022529808591964	3.319737929317469	2.9505302602613397	6.911915129712593	10.966061120910215	9.045386334719776	5.031072067241158	7.5092219772085524	4.745767578963236	6.801342282132422	10.150990094439557	8.673184718109388	11.759189742758382	11.487692965528094	7.342884956879167	7.832494294935348	6.119264533686455	11.25349094823601	7.426752121478814	2.8893114058145657	5.2399888460079005	6.172258106084491	11.14945196460555	11.298846134354754	8.477330895854053	9.792370439945545	6.51759040485522	6.413525741624283	5.292814907940594	7.4184871943851345	5.895283153812051	7.565709466867016	7.692681490952183	7.778170677796485	8.826773284861181	10.734598758459343	7.895991744265848	8.527055276098626	9.450706294987732	10.236955479192956	8.085276854478451	7.382403262676371	5.019310346214931	9.255768431571319	6.546048824111699	4.765370633869667	7.807556138731134	8.784393071500485	9.933550348743092	7.841504548910085	6.482136546804164	7.288855414293947	8.766502595424049	7.19344117209401	6.977275297120828	5.841724012310257	6.6856710355754245	4.280223066628905	7.279252301400882	5.1910638220360195	3.6060925678374427	10.091132923147251	9.960690352483892	9.05619496423755	7.802845435441054	9.172869461446439	7.792809713708432	7.381058643666327	12.107610100786246	6.4571861206385375	3.8553655918114633	12.402175991962357	2.9513826121181563	6.83574792495504	7.746411197630928	9.582382077870102	8.304105059812862	11.78293167465584	11.89848009655574	12.201225699194248	8.695787188637889	6.956493406314796	5.491952160360621	8.643853176153618	10.634708140904744	8.14008130058517	6.060551421106759	7.328666613434152	7.982840882999417	5.2926478516117825	6.0015231663758035	8.540425411266835	9.076788760444346	9.261380608713324	9.864432458116797	8.291908064541937	10.556790911180224	5.677258601143663	7.055082036389241	9.025746336990512	5.979281835571735	9.004791288926036	8.820439876429594	5.830062248712953	7.663960587813085	9.812600838012113	10.70406618729283	6.040580120027385	5.310327602728721	3.4458160898391075	5.264235245018956	4.704890375235867	5.603750715856583	13.600602857321322	7.717347327818195	7.005676034085032	9.703285065027792	9.421405879173745	12.28756513656631	8.701506663110548	11.946243241396061	7.588269757475016	4.576386296570206	6.023749442125509	8.238939310734457	4.708139685430268	9.527130176681352	9.31951178812442	3.98032509312721	8.007495394031654	5.453273849949544	9.029744815861072	5.885059758572632	2.177511839795978	7.9799528979464265	10.581615770108042	7.879300168538066	9.794205088839433	4.171152309993564	10.978073332936312	6.614894879203169	9.68251371626056	5.896502946305315	13.756986257947613	8.291059977175568	10.403749892500027	9.061857316230215	7.95319450276415	10.697448059573029	5.1837026020302455	4.872408265363777	6.859420280583874	8.308776635662108	7.552233508757848	5.220578807758865	11.302402616328159	9.151098613903818	4.772445088628965	5.220731583819017	7.14880889265762	8.581510520839336	3.159724645415326	10.468010599046197	5.284899061630934	3.1122579845916216	8.537232430413004	6.89801350149628	9.934577128879711	4.6198661589000976	7.886906590765599	5.644288603489381	10.026958399277827	6.412276883362664	10.029178192758527	5.461061057557583	8.770625889828777	7.2978659595729845	6.524731065923936	9.947244783450003	4.405864135352393	9.567558919941087	4.713419954750865	7.286514398327712	7.415047826138398	4.878164945743489	8.433085229726386	13.78386630092984	10.000574478542132	11.184015103727498	8.987888970855021	7.588793009101748	6.7642970678179415	5.927468360738561	10.736165723523678	5.587885797321903	9.793095549469978	4.036621905897598	4.921763889686114	9.792875875305393	10.247337868270357	9.844563321393668	6.37197651242109	7.548660032452383	3.8570454446593305	7.83277048988415	7.779777534354989	9.07634604114956	4.8980770892701715	9.37599460111603	6.222553957181039	4.8603233503374685	9.674530564761644	4.563610073422929	9.096831886405665	8.57033754213126	9.721143489995761	6.7333027050248635	6.838194445875073	10.10396830374915	6.8221344746055275	7.530814933587663	4.997662168248872	6.6102452139300265	8.870158796240078	8.632593639392645	6.966293349013855	4.188067674181967	12.118298305708226	7.851466171352103	8.81887522627325	11.676312296830577	2.9140100646132248	7.212173522132527	5.516137805610447	7.008825081491017	10.501165675405309	8.763121133988342	11.707922858455575	4.892525603977657	4.205108390087132	12.2417718925983	6.859777736792191	9.947916656625607	8.797990615479646	7.817871218267599	10.825299757291763	4.977396229860853	4.856197121193131	8.235110362303573	5.92295089623853	5.843834664253575	6.948242101978999	7.066008602424371	9.639572320209432	7.873211516692888	8.3801514150364	5.8938495456358435	9.168362371868266	6.822780287391605	6.9131897720880175	6.8128898456473	9.973253701651055	6.787227307682258	10.737691607850202	6.701388731462721	9.756970073996744	7.852856037123853	9.78454701732204	9.953519356867783	10.279668077198384	5.9902139128033465	5.50433417805302	7.115255762175384	13.908534706594464	8.61086223095286	5.740722663033927	7.569502221969147	6.191063988785247	9.600998134801921	7.829116153366715	7.516830718809253	11.266213433748154	10.740268927240981	9.748875876477975	7.6033199979555866	10.082197260557512	10.776093822683123	4.980597304142504	4.826932715714528	6.554481300720794	11.660333123557553	4.39798564332863	7.833830973264227	12.619881433103314	6.448965280924369	7.700089687974768	9.941030129053887	9.421174489403656	7.220465904499534	6.084689686703516	7.623300512053873	11.048365390792771	4.858488949314818	8.097662407686236	6.134899797456684	5.3441125044786775	11.20788643274921	8.843818145346143	8.06520247389918	6.072603139640949	7.312520489825885	5.6955382926287585	7.4163312400946175	7.107341230616767	3.4341359588146356	10.422234759098858	13.78836820281823	6.95997330906589	6.849104790549037	9.964415453769602	3.4733344485779103	10.933603905339845	6.373954819719714	6.590509822262319	7.336247426896962	4.890466321143442	10.432111415723949	7.75640749184352	8.00755925121703	9.251162926005053	7.1289980954899725	5.824575075673786	6.030662763889291	3.887464854221056	5.715996399080823	7.98675955387983	9.567881381273898	8.302392325748478	7.090477164160863	10.415294805110552	5.749958829073822	9.329847305825396	5.179970641859311	8.478836788794784	8.739382605583932	4.786578774943764	5.4604186519909454	6.171874519127487	6.8618312622249675	7.862463743916949	7.910286862236699	8.043399985950925	8.5232198096755	5.186612844172379	3.8216305642242	5.636005787726605	9.286847422094402	5.796971137273081	11.619586395495842	5.835228893420404	3.989195580392911	6.470059309244508	6.535562172047958	6.623158305398711	4.928679073381529	6.152134579406747	5.397155512390251	9.6967795327246	8.649087615784582	6.423922824498977	10.001640972921544	6.3996996093704785	12.050749153889562	9.297469396871817	5.709573287727254	6.798727172941804	10.059200999823984	7.784780088655728	8.525639718350101	4.988126379180486	7.39668640065265	11.726724533687557	10.936465835392635	6.238064075792826	10.715280888520262	9.896513476299395	7.208457024476675	5.727964701747132	12.650381518059959	5.653752572426815	9.22074212323339	6.900764230538044	11.689030978461192	7.99716288510377	8.743091303277497	10.470169775497459	4.877156473018999	13.220491763925242	9.331934682941064	7.832001905706555	6.769155939902553	6.276741417314259	6.791361207935972	6.030092176663555	8.82563365670181	11.431567998618636	6.79949572515044	7.987190743122171	7.529467232281231	11.876609027564403	5.271151936319519	6.06926167658176	5.879494898276855	11.638345931405322	4.887865526057835	12.16623697503248	10.971929859228615	7.302535180894627	12.800569337851758	8.045145340286327	10.51030742134381	5.86157203879928	6.637071641068746	5.382512886848458	4.988947667995037	7.9960085170283675	5.7820259072113664	8.5117156599187	7.724467741869166	7.765236024598672	12.85368306618163	7.169171408136782	7.439058780051954	8.96116219425406	8.797338020813491	3.955663370348112	6.3602780413663345	10.217157605947019	8.990411312225689	11.327642502604414	9.204432566962476	6.513717944859513	3.3694670463493144	4.8391596229322005	3.931729460141287	10.948534939292845	3.873767675134998	6.025250449201156	4.969042552520757	5.023060557133915	8.33632686217026	5.73851554273758	5.4547613617405535	5.8323303395706105	5.981392598698908	6.788992445396134	6.834446473741699	11.713124112953482	8.328048442990726	9.4435697069205	6.052096103137935	8.670604236128623	9.166555261123321	7.612520485090811	9.296352877495424	3.4374112208229453	7.147825954453935	5.8068232332166385	9.090500396208387	4.9433633064236995	7.341837107728866	8.78126995880204	7.638831006010259	7.831522978504527	11.695552437336904	7.907531153869992	7.25963901847111	6.108752125660082	7.854276661039377	9.708729611471169	9.105197645193254	10.687268040268693	7.9675739121549265	7.3966431236422805	10.847963576380405	5.959034631553671	7.760409864641601	2.3712770932051748	8.235996098886451	5.739526314740153	9.351373676390441	8.280952732310716	4.105719536996878	7.096570203920796	12.173330229530078	7.432044557326948	8.206364068697553	6.730401732265574	10.02414456812612	1.9461318751417456	10.16492473888342	5.9452896013638865	9.616712599144439	5.883218295001555	4.221809100580271	6.781996672726838	9.18892031454638	10.615554555602337	7.088765801540438	5.54810797075652	9.117984010992126	4.919693184827749	8.075099146688393	10.594566591411466	6.624948700773291	10.721786459360315	8.386490018781812	7.87445700792051	4.837674377706927	5.896472945330921	4.875020034915079	9.559888513640047	13.864147231054742	6.441733136562496	6.034516210746001	3.8936128412798547	7.291411212645096	7.91779648900587	7.105793879482376	10.2703092702051	7.906870630250309	9.345889405162445	5.737462099603677	4.87981871236336	5.674114073434913	4.5016465725679815	12.327009817474904	3.9654870732934024	7.410694068287647	10.780535465696842	6.106274897611988	9.339331843111962	12.762757701231703	6.674939187389553	9.83945023165328	7.529695424811973	7.371385593974417	5.594247019376883	7.9968117053367935	6.334522183648053	9.670885739859617	3.8819420416518424	10.52575560256797	14.223651007037814	4.807187443203928	4.9045531717203135	9.76621518525045	7.784570006550655	6.756076603955345	6.982904694948727	4.5799249255815155	9.922136004514385	8.572849590416933	5.954491137744574	3.8187951119942127	5.095542258355213	7.754114669900206	5.7612447565486935	3.917855482959557	5.7796563128291885	9.382889260985277	8.045287473098561	8.823851784926628	7.027002395319859	7.808586679743595	8.832603293827574	13.536718304288554	7.852236738024912	9.486516529521081	3.1209403287192172	7.085513971529544	6.942480130452089	3.809857982001238	9.852335939027771	11.03319837901525	7.654375092274824	5.653258777353523	4.857043683831022	5.624840231824886	8.60296997559534	7.436865014261849	3.9089804523093576	9.650261000374607	4.94687522988661	6.6524268082329705	7.541049424817723	3.0365431091379484	7.156758717122776	2.404159359890532	8.44870792895906	3.148671616560954	4.581962222043814	5.118703853358174	8.913177604026918	10.403090294120176	7.496848847743991	7.742306732580313	8.664554107905293	6.958983855684892	3.2858768231641062	7.134190117735869	6.7141340266486	7.62885011022638	6.204877796925336	7.229903516941342	6.686181688025955	6.991627658976039	8.869837090104575	5.628624896913423	4.860010305742313	6.431726374297132	9.858372476276497	8.654919753502163	7.703859273071593	8.620117410143811	6.856069895330315	12.165994730975696	12.543226171379484	5.880891687078216	5.9234508313901255	6.395287481602141	12.80990735748924	9.456384066112049	5.087253125525071	5.531525697782443	10.094114668351004	6.760321148099438	8.995490917271411	5.533248359599071	4.893355531988868	8.706327555092468	10.07502172767162	3.9869609685008034	7.407556489814744	4.819683606538818	8.471319189331709	2.154970306315348	11.087265631801971	5.553287007775452	5.397008605782197	6.305997309532509	7.075793621285747	5.467772144074164
G20	0.0	2.2804378985120395	1.095987682427673	0.0	5.830097545005557	1.1008263772238627	0.0	1.2736031185512269	4.529261021524685	0.0	1.3502710236517044	6.420392951748554	2.6234928865307605	1.5895461635284676	4.88820011196905	1.0733659140666019	3.1853493119485954	0.0	0.8581932976818041	1.2234138668920445	4.953112860589697	1.5169246737987314	4.741299987597844	1.108903790558425	0.7161897499079466	3.2810702836469883	1.2443127048191107	0.0	0.5048898046513401	2.9603798679834	1.1501099458131836	4.2849666096703025	0.5164226366088446	0.0	0.8323581034549604	1.3474774218396803	1.5185961978494003	2.50477958554328	2.1034625561319236	1.4126385160362633	2.085282096599027	4.082645787579995	2.0544041513014233	0.9760291828622795	0.0	0.5418127175033496	2.2334257726252265	0.0	0.0	4.316243922081631	2.1405972809134117	1.0700228765057527	0.0	0.555931501785704	5.7610789334053525	3.0249010425545864	0.0	0.7641042437293147	2.5624235915925646	3.088748290712357	2.259694566234474	0.599031357744883	2.4360129010500033	1.95991311822018	0.0	0.9664518110988468	5.126969321041249	0.6589787612259447	0.0	0.0	0.0	0.5204139118220245	1.0984001085386248	0.7835808635709656	0.0	2.7394351932540313	0.9845400216582069	0.6107453803148349	1.0808311135883029	1.3249445419661618	0.8359626694454252	7.137081514816333	0.5454379375437256	1.571546340629421	0.0	0.7561079752624491	3.140674727409111	1.340206632601336	0.0	2.9690785893483636	2.510677774085689	2.124468846826863	2.5851396371605726	0.0	7.030045918230263	2.449493656544116	0.7595970519781289	0.6615760427400093	4.675526050650461	1.2817839702096459	0.0	3.126590419854312	1.467965523185872	0.774788463879163	0.0	3.219833223564104	3.200531117027935	0.5614539405472626	0.7527448311599773	2.9895477819186755	2.2289079370768063	0.5691101134125589	0.0	3.8463727020564056	6.812694844978497	0.0	0.677555078032929	0.654088982490649	5.602411610896917	0.0	2.2089686940878064	0.8265518002119325	0.0	1.0958808106246085	0.0	0.0	0.6918118015109577	1.7228401482717846	0.6087300471806658	2.0789346039523724	0.9893033406407534	6.812251383933966	3.2993405394220696	2.928415195624832	2.89639366648158	0.7969658314531368	2.732887220383124	0.6184587026893745	0.0	1.6365401552316774	0.7871144398064415	0.9585349213281739	5.389965418333812	5.91896831527259	0.0	0.9636676576464223	10.746023880299708	2.8633943186747413	1.0584072940745504	0.0	4.982657253685774	1.9535091940984972	0.0	0.7504290560536276	1.1894573297355997	0.0	1.5743443333669953	1.6384648816912788	2.950122731964272	3.8769912309979695	0.6253969319634904	5.86297443823325	0.0	0.606081963935038	4.706623950657946	4.2451405216656495	1.8975031585870354	0.0	0.9726618938411976	3.7596305204006812	2.3504631559862137	4.689459179170835	3.3632378407002714	0.0	0.7823517188798247	0.621565427945213	0.0	1.6031317314565838	3.9950714134213676	3.287265760187219	1.204159665545231	0.0	1.4384289275274875	0.0	1.0082718651069218	0.5004441843917766	2.9612209389455364	0.7577816141226607	3.6820461340254136	2.4191603286969046	0.660043419084237	3.7799056524995542	0.0	0.0	0.0	2.361539016957621	1.684747874189958	2.053344493970035	0.0	1.5955449049392347	2.2241573191973196	0.0	3.162835948528719	1.1697019352226714	3.3511579531264974	4.08083593766255	0.6197210127628939	0.0	0.6507453797178807	0.0	1.7430919650619905	0.0	2.882879047944784	5.993812737861755	0.0	4.771599741042657	2.200737691957872	1.0942274721519059	1.699950168606762	0.9843085857759813	2.9630197733316668	1.5803957046600283	1.0280419335464794	1.36862403229376	0.0	0.5692505111471554	0.0	0.0	1.5759004130831582	1.9236527345274232	2.1110577577723304	3.0297897697562695	1.5104590601495174	0.6098553463699057	0.0	0.9999251611014808	0.0	0.0	0.6104371145204526	0.0	0.0	0.0	1.628268749160511	0.9845164580925068	0.0	1.3383006982575136	0.0	5.552469439909425	7.829415314167704	4.261968576346528	4.648821221563559	6.656005965611078	2.1737213606163452	2.587933386832288	3.9941095763289853	0.0	3.5308472216616242	0.0	1.2333679924969705	8.758776636408333	0.0	3.8499512842584322	4.523765065330876	1.163684646202489	0.9711025185671067	0.0	1.1128947021085394	1.1963806969544701	0.0	0.0	2.4177440199212596	5.525365904318675	1.9582855373510233	4.713086220210597	0.0	2.962469146214974	0.0	6.010061099524582	0.6534217865895429	0.9545104934421815	4.595821934533556	0.0	0.0	0.0	2.515380102834476	0.0	2.5619091930456492	0.0	0.0	6.137556588765546	0.8331696470964456	0.0	1.8338666642648769	1.0029783157958323	10.578249842647333	1.1757313199260453	0.8290201444535374	0.5161505009333299	0.0	0.5884574323157031	0.0	1.9989126329891196	0.0	0.0	0.5298054949123296	0.6410369321462294	0.0	1.625379475415821	3.0262966676558194	0.5825464525108307	0.0	3.308283601324262	4.31908067569853	1.2760199147269977	2.5634052343476386	0.0	1.9391152425456832	2.770532603473899	0.5729281829499373	0.9986757507960641	1.0344345660376368	2.1270507511385386	0.8011974741524216	2.574962475313435	1.8568862211408834	0.8604558512122942	0.0	1.1008052669077413	0.6202149717495964	0.7350505264103614	0.0	0.6580988493983346	0.5552214211629032	0.0	0.9957359309202942	0.9851032423206239	0.0	2.5228365681161686	3.656648829719349	1.9845848418916283	1.7311007909891045	1.158773529050593	0.0	2.420944138034027	0.6896116833578849	3.2475294343021925	0.6661951979997066	0.9689053385119254	2.2769833721080546	2.2024987778519165	0.6230171184762542	3.8796855005300546	0.0	2.9325265043349926	3.716703535266864	0.6244466582194386	2.6369524455420317	1.178980719853083	0.0	3.3860198352607394	0.8303888146036482	8.693574451082181	1.608201231486383	1.8381047189420756	2.9600761840370238	0.0	2.193247800991256	0.0	3.6096541684154517	2.256152475996129	0.0	0.0	0.6943174151919498	0.0	3.9248225291232592	0.0	5.254226048286717	4.990706635163887	1.0681515924497575	1.0830528070855152	4.685034696133243	2.474750557511894	0.0	2.913165958587168	1.2037173248633957	2.656247103131488	1.2555318158181283	0.0	2.550679806662315	1.0355972845645347	1.268365216901274	1.6222411002643629	0.0	4.04028720934734	0.0	1.2417669053631064	0.0	1.9989950305194615	0.5027356196598176	1.5748542488144575	0.7332879400136583	0.0	3.014995477832245	0.0	0.0	0.6552374957057269	0.6164435997181777	0.0	0.0	0.6286185721896385	0.0	5.793581765031987	0.0	3.4374126897645993	1.620204897382316	0.6571139665378076	0.0	0.0	0.549786613838688	0.0	0.0	1.0125954736362874	0.0	2.21003646035161	2.785018939110423	0.6736805976776817	2.9299829768858823	5.352617877984541	1.6597404603622683	0.0	0.9969907453701111	2.9610368243492053	7.8920203132062925	0.0	4.26457027030013	3.1863366912894424	2.344857102790253	2.5926878039703207	1.189342643764016	0.8216141466702176	3.1166765090664645	1.0169773212922875	3.4756754471696514	0.6466689133608055	0.9985301523772304	0.0	3.148925599693604	6.649007829829004	0.0	2.9123665506532452	0.5581779060274377	1.421432832341461	0.6391825859869815	1.9732395702689476	0.9939299253225258	1.9783368363759153	0.0	4.885556128854069	2.660783126512095	4.198091144261921	0.6079002850370051	5.66728555214518	2.1418553598398318	0.0	5.293960923339166	1.394347565586749	1.1614013830427024	1.7855103605935252	0.0	2.706341929060189	0.6512516071351349	1.6318789718564841	2.2870528746269447	1.5738490796856208	0.7857854732694597	1.5300621117851332	3.7465773823943063	0.5004649830821458	0.5979830396214602	1.7518462945040365	0.0	1.8912336439245436	0.0	6.689999272497535	1.5377538363284513	1.6963014218923391	0.0	2.0117448316339566	0.0	1.3849109906627128	2.364935039373924	5.707513062711076	2.009396997797324	5.767568597635966	0.0	0.6692201226427861	3.6871977182565643	1.587874354268284	1.5195571175642364	0.0	0.8044536718821518	1.9581727251870336	1.5367428234707143	0.6303265055859628	0.0	0.0	0.7861358661890583	3.545242804633943	3.742697264385448	0.0	3.502733993338269	0.0	4.806129936821817	0.6846470557425243	3.0393433503831133	5.752482038687705	0.7536514624435704	0.5938798323679846	0.782799954048529	1.6416392511372453	1.8406843454638535	3.167078060204423	0.0	4.940214887814516	0.7459314860013443	0.0	3.029246007750045	0.0	5.203283083251107	0.7747365282866119	0.0	0.0	5.953491717471585	2.3610713626203474	2.244615010567554	5.063294875479068	6.356438550073077	2.2779879336634643	2.5966535829146755	3.8562780808390653	5.0032954973295585	1.9549504851728436	0.6100337864939003	6.096808964570018	0.0	0.8280802773850249	0.0	3.345528530940066	11.48537302871963	0.0	0.0	0.799027645439929	0.0	2.9343685592013786	5.107857231914313	6.818048841350495	0.7535469449147859	2.0666219153594905	4.056823958585916	1.3606385444601012	4.40590952835573	2.226866465383253	1.2568766144128205	0.8292890193339242	1.7090600823599582	1.897784649977506	1.9658938173065654	3.0084481207683864	1.8517381006218583	1.5076230898953746	2.9239971165380045	0.6533693804091334	0.0	2.3167690285520566	1.1281169754534686	0.0	0.0	0.0	2.2914289183687373	0.6682725161568711	0.0	5.798969711572892	3.9145166021115716	0.0	0.0	0.0	1.976452543869696	2.768247474033886	5.974697688519604	1.1311428792285385	0.5347480465963336	1.0148308641042088	1.067994111775934	0.0	2.8692138597447827	0.0	2.0369674881714586	1.1864100595832545	0.0	1.9781918926769126	0.0	4.937650470947374	2.920380958324335	3.7372727053880483	0.6070517355109826	0.7535578576973966	2.9157638857520274	0.0	5.077215491785967	1.4844173807486467	3.406961336755969	0.7588807796101154	3.2045421336626516	0.0	0.5939309775533658	3.850374225825415	0.6533818748052996	0.0	0.0	0.5567805886067151	0.6448132214376733	1.9969704322639117	4.230594603831309	0.6487850198498069	1.278708714204667	0.0	2.002635235844497	1.574806331034367	2.9331783930781428	5.065961226481205	0.0	1.2850274237529298	0.0	0.0	0.0	1.0600906355403046	0.0	2.8251475718726193	0.6847682846825504	0.0	2.273883132845338	0.6756332521033862	2.94181147994089	0.5334454643354608	2.9511291167723783	1.9311407238184475	5.112264794502789	4.2570484170549525	5.862754564985446	3.766369273123199	1.492946655675401	3.9385959232429006	1.5162937581278981	0.0	0.0	2.8739642858181234	0.0	0.0	0.7028975810146443	2.5003134155097935	0.650359986358683	0.972026244865125	0.7720193089813543	0.6091847287146898	6.763721485478433	0.6258566700652409	0.7211749939373007	5.9223010789304835	2.950760322129588	1.945153639831225	0.0	3.5663598579911087	0.6152135530284316	3.5764294704395283	4.820546959430372	0.9676529176981278	3.0023379581777876	1.5888449878658804	2.9174811198215362	1.053916601872497	0.7148214074210438	3.6679743145650927	0.9842764365147892	1.001515811600757	0.5348433626588794	0.0	0.0	2.367072175030653	2.929625317481564	0.0	4.583563592700291	4.953653290120969	0.0	1.0109848577776777	0.0	0.0	4.599789328542514	2.364226512194453	0.5142336735889412	0.7723177732424198	5.678307394973706	1.2968908171196136	0.0	0.0	1.9967506256032657	1.9996141698264935	1.0721169333983027	2.0940016064694533	4.8604653697161	3.0173286327018602	1.1013887751753357	1.2369702489968892	0.0	0.587417926381239	0.6710716381648679	2.8228777556460214	7.704691634934325	0.7036608160908123	1.9912300128225473	0.0	1.4197970279671766	0.0	0.7556670057707878	0.6918100438919002	1.3561755274081289	0.7424269120406122	3.270645365580839	0.0	0.0	2.440476692395734	2.0684592420702193	0.0	1.698076548272768	0.0	2.551986295315232	0.7936657724273954	0.0	1.8998539216505688	0.0	1.746037172523779	0.0	2.384835053744766	1.6027044593947861	1.6866355732150122	0.0	0.0	1.9841871000638265	5.201719704480032	0.0	0.0	0.0	0.0	0.0	1.9987959359975664	2.1603043079847715	3.550531571095356	0.0	4.013637794779504	0.8394730958271597	2.502603565233105	3.1643789613146267	5.046274789123968	1.5147649977700044	0.5576820709232839	0.9831063346321052	4.286522029953131	3.174136263451057	0.0	0.6854136270604109	0.0	0.56976903283755	0.0	0.6758601673312165	2.3335161947518475	1.706510057392031	2.0533743881113966	0.0	0.6263125294949554	0.5031463921223225	0.0	0.0	1.1040362536468824	0.7005453211200058	3.243580061468047	2.9456767790824427	0.0	1.4834186318364493	5.956078331606244	1.5267310004050756	0.0	0.5315384882054575	0.0	3.6299580356863403	0.0	0.0	0.6860085331346147	0.0	0.6561525547461783	0.750839654730189	0.6135295044743533	5.914936686324878	0.0	3.154527099021206	1.8213003344713976	2.1415270189651956	0.0	4.560885357324074	3.115073824296479	1.6308877748991697	4.304152111508872	0.0	2.326157153775476	7.454069824898626	0.6300104536216474	4.958720178168821	0.0	0.0	0.0	1.5403898865285113	0.5484385901053316	0.6204281018689031	0.0	1.2907954564186062	0.0	0.6533661608979857	0.6923202966909828	3.8254653984786744	0.0	2.5951521621106686	5.854130123705815	0.0	0.0	2.7862297884191	4.585521217602395	0.0	0.0	7.848682685947631	5.2560915798310734	1.5075654985318214	0.8065598176140086	3.2097340144342823	2.7070066271516064	0.0	3.370431814027985	2.2720460676674126	0.0	0.0	0.0	1.1894722679227856	3.762998566677367	4.820280975741598	7.178091171312651	2.8897241178882327	1.0978038072549883	1.189449343163181	7.946510387457252	0.0	2.394870821619178	1.635095066002274	0.0	0.0	6.993449561095238	2.3313980198125486	0.6630875166757011	0.0	1.9906576691135542	0.0	1.5065698761172541	0.0	0.7715214159709808	0.0	3.0442501801729334	0.5357627963722955	1.8762931548130604	0.9998658663518198	2.944691068737278	0.5522967191599691	0.5452084338161077	4.105875958515963	3.3993125391776213	2.2108944679624924	0.7557936918540951	1.0052544680978681	1.9805597060644333	0.6854214360579663	2.9041433024721393	1.6861605808704125	0.0	1.4938306873269405	0.7544210269786453	4.219821909544794	0.0	0.8316908328105578	0.0	1.3581120962536994	0.74285653574494	0.6608286936925075	2.3091910984801745	0.0	1.3478334720082144	0.0	1.103748601157238	0.7897062030290878	0.5510107580764123	1.476851369798187	0.0	4.89118335808889	0.6525387473370845	0.0	1.7099315161415016	0.5763255705218118	0.0	0.6352277222125413	1.3209326914041348	3.456839505943398	0.9989585725510626	5.576373565022992	1.4851509893883321	0.0	2.830010425287562	0.0	0.6154469781723525	0.7025719233635779	0.0	0.629909363961376	4.077119046530469	2.950700455494287	2.6673038915025558	6.906930942981343	1.1959316194280238	0.61522685818492	2.035497024003881	0.6267789286906345	0.0	0.0	0.0	1.1024369672110397	2.2784204947092896	0.9798824785217065	0.0	1.0511798327718314	3.3179419956109375	0.0	0.6512629082939894	0.8561053446157719	1.0897780174570901	1.9793132320374882	4.78632375972623	9.830350330470486	0.0	3.947450640743425	3.077082777964679	2.43260228877392	1.1553555379464702	9.909310291604204	1.1031494512608562	0.8127693091073361	1.9638659689050004	0.0	0.8061448330609989	3.2005305564232795	2.612347551946564	2.9230402546399916	0.9833926963991992	4.1750581173700905	0.6957402499728226	0.0	0.0	4.835948184649206	0.8292429409311074	2.946441806026971	0.9753533608717044	0.0	2.977661052379635	0.0	0.5808003292654481	0.9714261245612061	0.0	3.8836850763858637	1.4712154752646807	1.514523938097829	0.6768578422934495	0.5293331685241512	0.8342558900699512	0.739520533330166	0.6473931990814272	1.3125333351112989	0.6278283514174822	0.5235523678573483	0.0	2.1231572322922765	4.420082253649876	0.0	0.9792534316043542	0.7108837224886063	5.771045607017186	3.1457164234502533	0.0	1.26070806074017	0.8079254450267331	4.564963231327691	0.5207109672908685	0.0	0.0	5.832107496319896	4.671959128303585	0.9701535786658437	0.8345509418678186	0.0	0.6191951544537221	0.8195857881935452	2.5372566746948775	0.0	0.9714523827765683	1.978509604561074	0.0	0.5528852762395611	0.7870710423415345	0.0	0.0	1.4169313831671742	2.8985900460416194	2.5404329529001246	1.9780597204810184	0.5874589136669341	1.0149896103048233	0.0	0.9795505111432767	1.8581871564668595	2.1703722683726143	1.9519466930516174	0.8118112091712794	2.2775994700040108	3.8794019681221608	1.9468430502836804	1.999627896325147	1.947774462669429	0.0	3.9439494965801383	4.045163925614521	0.0	3.6781097117324006	0.5934257980922336	1.3391184606958992	0.7118098222696879	3.8939850564650005	1.442599229440289	1.987076431785627	1.131195630660063	3.8544135898538983	3.1535539767297576	1.613033028672634	0.0	0.6071788334151047	2.5094660736404215	0.6675969143208597	0.0	2.6559945578240485	4.117629263230502	1.6478579661419146	2.9009674145247586	1.9911626782033733	0.0	0.0	2.3492740406594135	0.0	0.9843489914421135	2.9248584120743986	5.018094700215202	4.946972616192275	0.6856626284598355	0.581804687053231	0.0	1.157613413963588	2.9195859583660155	0.6575056308265933	14.456453586399853	0.0	0.0	4.984451612258729	0.0	0.6357371243081761	0.0	1.9814889641043762	8.761093107808357	0.0	1.5151727663802748	0.0	0.7427926378674127	1.0012321641138549	2.1417717763034387	5.853906230239122	0.0	0.0	0.0	3.071288964718555	0.6993220840355249	2.0933600662480742	0.6103092855939004	4.270368444492767	1.0711282926219805	3.770367221080726	0.0	0.672238248779205	0.0	2.075389369095957	0.5746315713706301	1.1626803295652905	1.9526373461911686	4.063692970102695	1.9597263330259687	1.3052492411824494	3.684552798952334	1.5192176941278877	3.723770994190856	1.1618088432053766	2.9595547522215266	0.6496542668537578	0.0	0.0	1.0050826616065356	0.5115137296541924	1.9917221692459197	3.339497835955341	2.9729731209626995	1.60562273849517	3.588749378032629	2.7299682693982565	6.042829092797115	0.7777484515029044	0.8563070312265818	3.866847260933578	0.0	0.0	0.0	0.7625794664806765	0.0	1.2976769333470468	0.6699457648245847	6.949399564303526	2.040600840626495	2.571496339526192	1.3465327409621355	2.6682282490784712	2.6338895412758085	0.5611125342867335	1.2108070381522409	4.919029256985048	0.7761592354527211	0.0	0.9680324258951917	0.6056973237785953	2.262586801603663	1.5110776504307073	2.594347474475512	1.6595235977501597	1.674914544693773	1.711949278035935	0.698487908575074	1.5824647223398352	0.7553543511636992	0.0	3.331770895061996	0.9535373847662302	0.0	3.8779594441571117	1.8960071018662787	3.3992390016381138	0.0	0.0	4.539030160964824	0.0	1.6636099408667464	6.134879514027389	1.702841119412699	0.0	3.9103865697948335	0.0	2.0714104083053866	0.6711885054707756	1.603267443054929	4.863082824173334	0.0	1.5070900474520235	0.0	1.5146092356263219	2.934168605796421	0.0	5.531177901413131	2.3787659269087156	5.3517833094732925	1.9567555512174435	0.9746093735041045	0.9877895568534771	0.830734290131282	0.7890642585283087	0.0	1.9401434269725715	4.950704233712576	0.0	5.252198918798049	1.4164668586804297	1.753505997088097	2.35778789164802	0.0	3.83787076440178	1.408969410744626	0.6552901366135474	0.5466944574782803	0.0	0.5952498512776312	4.007370475393979	0.0	0.0	1.9537151269407262	0.9700561866911195	1.0963979306523894	0.0	3.4023180666402277	2.8515947448988324	0.0	4.820284582853403	4.603969295775374	1.0217115595295938	0.6689642158805528	0.0	0.7912907881193423	1.966249111299972	0.0	3.1463759716882267	0.0	2.5246721824913076	1.0747872160701508	3.4920957859287407	0.0	2.6336245496322195	3.4408706386721137	1.7237437493272598	1.605621199511178	0.0	0.0	0.0	3.9466882041342206	2.448042689086447	0.7123429794321926	3.97231325058753	2.1632174260911143	4.1738717491079385	0.0	0.0	1.58020058647663	6.019306160111509	0.7549766308594911	0.0	0.5551572281997419	0.0	1.3420493546897583	2.4300368577793936	0.0	0.0	0.0	0.0	1.5763332563439207	0.5321066362566171	3.9736103111484753	3.0925776426251255	0.0	1.6342792982604855	0.0	2.672921469785045	0.0	0.0	3.011431074043896	1.9925490788120144	1.554702371941801	0.9624219411949966	0.9885686891499494	1.6763535059204218	3.2476854440877228	1.925255248019814	1.99002186566987	0.5003368956403837	0.9799807344944488	0.8395811889592937	1.6095832347430974	0.9748502874513597	5.708621839343898	0.814005457229535	5.544875891656303	0.0	2.244519689206101	0.0	0.5748763206722057	1.860079188652726	0.741268532462303	0.0	6.6729337381079725	0.0	4.227192785954901	2.4308607197968386	1.3031340223899277	0.0	1.984856248018197	1.5553203804828193	1.8824116347206896	0.0	0.6160083791904859	0.0	0.6204782663740744	0.0	4.4231486473347195	0.0	1.103283765041222	2.5259185473188377	1.4399495693472586	0.0	0.686317856183501	0.0	0.5886887697094965	1.2259732837441841	0.0	0.0	1.351359041591759	2.7900948733342052	5.426684866179006	0.0	0.0	3.793102887319022	0.0	5.981348799797512	0.0	4.858796487882155	1.1846069358754467	3.33882344589389	3.582057120125489	0.0	0.7838720539550301	1.3174432068542967	0.7870634551567716	5.2201634699375115	0.0	0.0	3.7069277586323635	1.3421847622602958	4.946950731253274	1.9192859319535471	3.503783434341326	0.0	1.5619441054821022	2.0883991620320437	0.0	7.111362331031984	3.0487106967495166	0.0	1.0143349525321808	0.7561853375119103	0.8099893621280646	0.0	1.7051281693847355	0.0	1.7626363904449167	1.6256133870717542	1.5188699850351859	1.2456406898509709	4.382060584079116	3.901528467833025	1.2819550276060843	0.0	3.2132856734525928	4.9491649439383325	3.8836160464320995	1.4527296648411447	1.3575397820984	1.7923916207692119	4.622296943979549	3.212004046284194	2.8776392909871604	0.6058126836838942	0.5127063662259491	0.0	3.962296638544738	1.5856581113312622	0.0	0.5941272402893581	0.0	0.5500870806041712	0.7753623785392656	6.237454263395009	0.0	6.920760976865533	1.1372580081729153	1.164026954523343	4.946558518716733	0.8432901025009643	2.8621009149803496	0.0	1.4522651753497817	4.738070556018386	0.0	0.0	0.0	1.0090893621054884	1.0678128181190516	1.1464647944214041	2.2496707629584787	4.576821867069717	0.0	0.0	0.0	1.1391450626073951	0.0	2.0828565125341814	3.6852630534756234	3.9235148905226307	1.5201481252598656	0.0	0.0	0.0	0.0	0.0	0.0	3.9845057112928277	3.4005334028608067	0.6462974254317699	0.6732488041390434	0.7455193584483086	2.0732145974363094	5.338828141042508	1.985370664381184	0.0	1.0813005003550977	0.6463247905090118	0.0	0.0	1.6901561053760934	2.5023371370324816	2.7602185770852894	0.0	0.7908850294869743	1.1234237358839174	1.313075042773927	0.5157866920124096	0.985481783963891	1.119113277554792	0.8040818474554231	0.7126698288152423	7.133223471825448	1.573351420454794	0.6798225854552742	0.0	3.2937961067789385	0.0	3.082607959499736	0.6379788373519346	0.5978052986162458	0.7592257397127233	1.562610919465315	0.0	1.6660943253261467	0.8048025809680267	0.6225264948146251	3.155588138719415	1.1403643284744476	0.0	0.0	3.9707160309030245	1.9642994878382607	0.0	0.6915064945111172	2.45722133210337	0.6752522827231899	0.0	0.0	0.0	2.8666333254583725	0.0	4.781975492399091	0.0	1.1664297701518709	0.6975383284912787	0.0	7.987487197117444	1.3198816177550745	1.069128276762781	0.6510579825657615	0.983178952818554	0.0	2.1978309017775457	3.416562277885095	4.179715148639735	5.711382365196634	3.1102854258635015	0.0	0.0	0.7680204689040485	4.702172293104822	0.0	0.0	1.2195321850193057	4.977480786606095	0.0	2.3539550048166022	3.935283546940987	1.608597467787346	4.01582879902966	3.588181800034744	0.0	4.201642569249358	2.202502679340598	6.938727489311241	3.127754463037416	1.7162222763012764	0.656264886262492	0.7958521254267078	3.871594639018983	0.0	1.9946404346104294	0.0	1.2336772268057885	2.2178758129335225	2.8415899527647785	2.9173178726493183	3.892908161584338	0.541122430239306	1.8217187143996552	3.2973859940337134	4.914927793107022	1.5267429961972196	0.5472315654411021	2.7906583328188446	0.7146420523054863	2.8030667360549626	4.431074788306977	0.0	0.0	0.7654389073531968	5.977953154552763	2.0390429364837734	0.5050435372625185	3.0090202712370964	3.516908086057869	1.2750088159449944	5.914907766220838	1.053396617185203	5.753550687778826	0.0	1.5007070197588417	2.0180475282180943	3.1306040925793592	0.8174185688075764	3.0999942770302713	1.2071258059535344	0.6490483509463951	0.0	3.52881179670625	0.6714282285392067	1.7899842044577	0.0	3.8737523608203706	0.0	1.9751208490743029	0.0	1.4726775039578963	0.5649213694510935	0.5625599928627371	0.9753309802324373	0.0	1.9983678219299927	0.0	1.9449710554825834	1.9322239059435622	0.0	4.8732831320050565	0.0	0.683949737865104	0.0	1.3769937037374786	0.0	1.0205849077601084	4.126476487806657	1.489129290688697	0.0	1.0090149587401893	1.311921708906752	2.8655395846738787	1.245853542631485	2.022865226408969	2.522843210642048	1.0441676078685325	0.0	0.5547797878033499	0.9751203489562191	0.0	2.782646285177184	0.0	2.342292089572497	0.9610264485551677	1.186037499163862	1.9458317332420312	5.127630155885512	0.0	1.5727826678088601	0.0	0.5968591258233993	0.0	0.0	1.6018269609802058	0.8387886620773374	6.983779270418064	4.550995565356049	3.5572623978595446	0.5854865389566904	0.0	4.919494252149579	1.4898336945533657	3.9051324351780514	0.7903426898522344	2.183195876491388	4.965009711345956	4.048223435310953	0.0	1.8757020499547914	0.8017632988890284	0.0	0.0	0.0	0.0	2.778733700714478	3.107405096803442	0.7086053902134889	6.11712917668079	0.0	0.0	3.907223875756538	6.308279382895267	2.1971708409436936	0.568781930956667	1.5660075309740336	0.5779777366235832	2.317423717445143	1.90887304992306	4.480461938088035	1.5537141650378405	2.867692477942303	2.048209053400252	1.371290121313332	0.0	0.6712463269348012	0.0	1.196984855794466	0.0	2.723146489594795	1.1314156323655191	2.6829386022614634	0.0	1.3775834203034432	0.6171594544274003	2.6792341346894566	0.5289364374623883	5.843892438938762	0.0	0.6704461777571802	0.0	1.096464479345593	6.790344289251342	0.7661241026860769	1.4939223495299383	1.1095340697425462	0.6355160893916291	0.0	1.6521725834730154	4.03370012391878	0.0	1.1056988192551525	3.4130398493936056	4.179979295264991	0.8085324424582778	3.873237865151026	0.0	1.939110362021761	0.0	6.2606083180459375	1.4904915660537132	0.6513601636372812	1.6386608544127717	8.750736488846384	3.0025019331843676	0.7055626640052381	0.0	0.0	0.6256340631480148	0.5202620456797622	0.7373086850259177	2.8371786743451874	0.0	1.4941872905316256	1.6457157897322223	0.0	1.3989203609714806	1.0372581254379107	1.1210134312353788	0.0	0.5792357392656229	0.6450806380087629	0.0	0.0	3.3108106004588254	0.5152366305915457	1.2239629322225711	0.6390393964387865	1.6085432980518284	0.988323851011936	0.7122070571346877	0.0	0.654418226017835	2.689107836347522	5.974149567709168	0.8481457319658032	0.0	1.157366810005052	1.560965780920111	0.6211924958066563	0.0	4.894188398422949	0.0	2.8348934673921526	0.5466683906666876	0.0	4.9924575674706375	1.9147225223523014	3.0632004193629796	0.0	1.007397022554123	2.9687439136542215	1.5472570081858654	2.3440260298006868	0.0	6.941566860717789	0.0	1.6742025897199861	0.0	0.0	2.96136111116583	1.326887560843899	0.7039434564940265	0.0	1.7541222898389972	1.316831401489652	0.6310610854752319	4.733742702474335	1.1030296874496317	7.262327652093651	3.934350852223197	3.349006763064645	0.816841777451485	4.029584904239487	2.255632452147991	2.489803446988102	3.9340403470151193	4.398491446180741	2.990743942066422	0.0	0.0	1.668715994935234	7.382305122831701	8.744582934170257	0.7808453918799659	1.0841480897636735	0.7349493589223989	1.641098995075442	0.0	3.916247147467674	0.7649080667108069	0.5922889972755795	3.182893766348063	2.8893114058145657	1.57199665380237	3.4290322811580505	3.2792505778251617	1.6141208763363932	1.5894995429726348	1.5065185292223915	1.7775246558696054	1.2827051483248566	3.0244656616803396	2.023223780286855	1.1790566307624102	1.0808156381238594	1.5385362981904367	0.0	3.9230103488271912	0.9758726144053949	0.0	4.796468592805477	1.8901412589975466	0.0	2.425583056343535	1.2304005437793952	2.788505747897184	0.0	4.0283377379148915	4.765370633869667	1.0410074851641513	1.9520873492223298	2.980065104622928	0.6534587124091737	1.296427309360833	0.0	0.6743463534941576	3.1970849653751157	0.996753613874404	5.841724012310257	1.9101917244501212	1.6050836499858394	1.323500418436524	5.1910638220360195	1.4424370271349771	0.6306958076967032	4.980345176241946	0.0	1.5605690870882107	0.0	2.5976032379028107	1.4762117287332654	0.0	0.0	3.8553655918114633	0.0	0.0	1.2428632590827347	6.197128958104742	0.0	0.0	1.5710575566207787	1.5864640128740988	2.033537616532375	0.5797191459091926	0.0	1.2204338134134713	1.1525137568204824	2.36326847575661	0.0	0.6733946023451954	1.6285925807631447	1.1404058404284882	5.2926478516117825	4.001015444250536	2.1351063528167087	0.7563990633703622	1.089574189260391	0.0	0.0	4.22271636447209	2.4331108290615697	2.170794472735151	0.0	0.0	2.770705011977242	4.009290852922542	0.7287577810891191	0.0	1.226575104751514	0.5946703437384906	0.0	2.6551638013643606	0.5743026816398512	0.5849150272243284	3.136593583490578	7.204822348958463	0.7158212030169117	0.5512390948441568	2.001621724024295	0.0	0.6729575627981247	1.0239637613805257	2.9005022210368496	0.0	1.6260578051732177	1.7161448612138275	2.7380679282388676	1.0298674138418071	2.092506526857897	0.7328561674370271	0.0	2.8430893522337213	4.003747697015827	1.6359821549848632	0.0	0.9808432930954387	0.0	3.9899764489732132	0.7558296978648601	1.9698250421345165	1.9588410177678868	4.171152309993564	3.1365923808389464	0.0	0.0	0.9827504910508859	4.913209377838434	0.0	2.600937473125007	0.5663660822643884	3.18127780110566	4.075218308408773	2.3038678231245533	0.6090510331704722	0.9799171829405535	0.755343330514737	4.027857871337519	5.8731511587287235	3.229257890379474	0.0	0.0	0.0	0.6498917175143291	0.0	0.0	1.2315306587113173	1.9818371481116004	0.7780644961479054	0.5335770269008128	3.1836985391521293	1.1687737798682014	1.0266369242000215	0.0	0.0	0.6684638932851885	3.8473661300175985	0.0	1.8203536858525275	2.923541963276259	3.3682458274952234	1.50570716905937	0.0	0.5507330169190491	1.471932141529398	0.0	0.0	0.6179206521781998	0.9756329891486978	2.1082713074315964	2.2054186081487748	0.5882690869730666	4.120426617162762	3.2099603467339364	0.0	3.6423138057481226	0.592746836073856	0.0	0.0	0.0	1.1533205445421708	0.0	0.0	0.0	0.0	1.41599478053802	0.580666156342491	5.785568166988996	1.0443693986512201	5.834833150766242	3.5296901271137178	2.176923150786743	2.5570894366680084	0.622255395718104	0.9720646700674938	2.6873696013226787	1.7113537775335983	0.7580693238671388	0.0	2.777469568570217	0.5179463619249894	3.9075396833571845	3.36798943458305	0.0	1.8827037333969157	0.0	1.983073564179008	1.5653221405129552	0.0	3.980739056579346	0.0	0.5508317411685557	0.5608190122394359	0.9798750251414721	0.6145427524647672	2.9140100646132248	0.0	2.206455122244179	4.906177557043712	4.324009395755127	3.370431205380132	0.9756602382046312	0.0	1.5769156462826748	0.5564441769362863	1.143296289465365	1.1053240729584006	2.1994976538699116	0.0	2.498146097836561	3.981916983888682	0.0	2.994585586292208	7.239162206513758	1.2986299253896834	1.985212029136857	0.5435391232634131	2.8918716960628297	3.633789930781333	0.8380151415036399	3.5363097273815063	1.0786308672786196	6.822780287391605	3.9503941554788673	3.027951042509911	1.246656712706382	0.0	0.0	0.0	0.0	1.8121975470285814	0.0	2.488379839216946	5.139834038599192	0.5990213912803347	5.50433417805302	1.2936828658500699	1.8966183690810634	3.229073336607322	0.7175903328792409	0.8410558024410163	0.5159219990654372	0.0	0.0	0.0	2.112415018827779	5.858328505767807	2.59970023372746	0.7603319997955587	0.0	0.0	0.9961194608285007	1.6089775719048425	0.6554481300720795	1.943388853926259	3.848237437912551	1.4243329042298596	1.941520220477433	2.1496550936414565	2.3692583655306976	4.1420958871057865	0.6280782992935771	3.0944853876426577	0.6760766318559464	4.446925298698092	2.599615386068887	1.943395579725927	0.0	0.0	0.6680140630598347	0.0	1.179175752712819	4.03260123694959	0.6747336821823278	1.0446457842608408	1.6272966550367882	3.7081656200473088	0.0	0.8585339897036589	1.2261452657763363	5.90930065835067	0.0	1.3698209581098075	2.299480489331447	0.6946668897155821	0.0	2.897252190781688	0.0	5.86899794151757	0.9780932642286884	0.0	0.0	4.003779625608515	0.8410148114550048	1.2961814719072677	0.8320821536676837	0.548242069444481	4.85933106777632	0.0	0.0	3.8271525525095593	0.0	0.7878307960178736	1.0963468215905845	0.0	0.6219898203883597	0.0	3.3915347155179134	0.0	1.0636841722097252	5.4604186519909454	1.6832385052165872	0.5718192718520807	0.0	0.9887858577795874	2.144906662920247	5.682146539783666	0.5762903160191533	1.9108152821121	0.6262228653029561	6.191231614729602	1.288215808282907	0.0	1.9450762978068015	0.7978391160785822	2.695858045518545	1.9606686516143872	2.4836843645245166	1.9714716293526116	3.5887451713206024	0.0	4.8483897663623	0.9610097350871758	1.167985968090723	1.6669401621535906	1.5999249023426196	1.5063436442361953	0.0	0.8156533268181791	2.2662423909806018	5.294316315696833	1.5569560177311454	0.0	0.0	3.698343200326325	0.0	0.5207840873996493	6.238064075792826	8.767047999698397	7.813036954973206	0.0	0.0	0.0	0.0	1.6764985678606164	2.3002547435126814	2.460848627044461	0.9996453606379713	1.9429091785061106	2.416193025114798	0.0	0.7344717646625134	0.5832459176838165	0.6024616850543504	1.8461334381552417	0.0	0.7545956897706635	0.0	3.9225038474230267	0.0	0.0	1.1410272490174531	0.0	4.948587094818501	2.342734193919786	0.0	4.89957908189738	2.2168277964581566	1.955146210423134	0.0	2.7429824648071537	0.5216096557781876	0.0	0.0	0.8084851862572162	1.9538573462664266	0.0	0.5980569874276065	0.0	3.0753878911647567	1.1564051814422733	1.7023431319837399	0.6437056451557638	2.5884120081995574	3.024396015572148	3.584585704068391	1.7167058723196815	0.0	0.0	1.977831685174056	1.5900695103415836	1.3622876807929358	1.58654317274571	1.54467852308242	2.301108141740619	1.6284294862148783	0.0	2.4195798114661002	1.9658647300706436	1.2880629340344525	11.621303025404995	2.738750204182344	1.104231678337946	1.116235679363092	1.2825118249492709	5.73851554273758	0.6060845957489505	3.711482943363116	1.9937975328996358	1.0444603762147897	8.698386421125798	3.123499763454262	1.7845818092122983	1.8887139413840999	0.0	0.9634004706809581	4.999939233339993	4.567512291054487	4.3747542952919645	6.015469636440154	2.859130381781574	0.9678038722027731	0.6493214568720277	1.2358408266059249	1.1295134011890562	1.9513933241782313	1.0912615722871797	0.0	0.7797034958224602	0.5271687435913328	1.6132531152158023	3.3320466139964084	1.1220395230056253	2.2844069674049807	1.6067995844458685	1.5267525771812418	0.5691124222967805	2.017266306447895	0.9861785069436731	0.9931724385922784	0.9700512330802001	0.7904256977350583	0.7487269180805864	0.0	1.8702747352780884	0.5914966237364797	8.211439073993755	2.5805709832439256	1.5216662786912598	1.715087205536988	1.6412728137395107	0.0	0.0	6.811461562996109	2.391746997384334	1.1890579202727773	1.2020890748930548	0.9805363825002592	1.0554522751450677	3.8754266701296216	1.3127029020780543	4.371110699365667	0.0	3.170347411860869	3.2564228610686166	3.935754547862199	5.55163066334827	0.6621604119632166	0.0	0.8247528045661782	0.6451146168293701	0.0	0.0	0.0	4.875020034915079	2.0126081081347467	1.540460803450527	0.6441733136562496	1.5086290526865003	2.920209630959891	1.1217555711761686	0.5278530992670579	0.6459812617711251	0.7335935193003643	3.1627482521001236	0.7788241170968704	0.0	0.60997733904542	0.7092642591793641	0.7502744287613302	0.0	0.9913717683233506	0.0	3.9201947147988516	0.555115899782908	0.0	1.9635011848048773	1.6687347968473882	0.0	5.019796949874649	0.0	0.0	7.9968117053367935	4.75089163773604	0.6044303587412261	2.9114565312388816	0.8096735078898438	0.0	0.0	0.9809106343440627	2.9298645555751355	7.784570006550655	2.456755128711034	1.3965809389897454	0.0	1.984427200902877	0.0	0.9924151896240957	1.0910843177126321	0.0	0.0	0.0	0.9794638707398893	0.0	0.5212716256102932	0.8045287473098561	0.0	6.441418862376537	1.1155123828205136	2.2081508234568936	1.4249177162409004	2.9445887767593417	0.0	3.1209403287192172	6.37696257437659	5.950697254673218	1.5239431928004952	1.6420559898379619	0.0	0.0	3.230433587059156	0.0	0.0	1.9117711056878532	1.3521572753203361	1.9544902261546788	0.0	3.8475696232451413	3.3262134041164853	2.513683141605908	3.0365431091379484	3.853639309219956	2.404159359890532	2.252988781055749	2.5189372932487633	6.109282962725086	0.0	0.5942118402684613	2.0806180588240353	0.0	0.0	2.475586887972941	0.0	0.0	0.5945158431446558	0.6103758206044182	4.238250061236878	2.3268291738470013	1.6684392731403097	0.0	1.9976079025645825	2.7718240906576797	0.6254027663237137	5.832012366890776	2.85854505524317	0.7041694625911783	0.0	1.9259648182678983	2.0282629200338382	3.8089277196279534	0.0	2.8507332207680647	0.0	0.9872418052316876	0.0	3.9415099561505356	0.7880320055093374	1.5261759376575212	0.6914407122228053	2.125076772284422	0.0	1.2850701310387729	0.0	1.6311185106629558	0.0	4.53375977745223	2.6579739790005354	0.0	3.8557468852310546	3.850599631514413	0.7183234354384493	1.0559300601716164	0.0	0.0	0.0	1.7689484053214368	5.467772144074164
